Fit ID	4318	152	4341	154	219	149	238	221	233	210	213	4317	220	4333	4356	215	3044-400	4362	224	223	
c1	5.00e-09	5.00e-09	5.00e-09	5.00e-09	5.00e-09	5.00e-09	5.00e-09	5.00e-09	5.00e-09	5.00e-09	5.00e-09	5.00e-09	5.00e-09	5.00e-09	5.00e-09	5.00e-09	5.00e-09	5.00e-09	5.00e-09	5.00e-09	
c105	1.20e+09	1.20e+09	1.20e+09	1.20e+09	1.20e+09	1.20e+09	1.20e+09	1.20e+09	1.20e+09	1.20e+09	1.20e+09	1.20e+09	1.20e+09	1.20e+09	1.20e+09	1.20e+09	1.20e+09	1.20e+09	1.20e+09	1.20e+09	
c107	9.05e+05	9.05e+05	9.05e+05	9.05e+05	9.05e+05	9.05e+05	9.05e+05	9.05e+05	9.05e+05	9.05e+05	9.05e+05	9.05e+05	9.05e+05	9.05e+05	9.05e+05	9.05e+05	9.05e+05	9.05e+05	9.05e+05	9.05e+05	
c109	1.07e+06	1.69e+05	5.34e+08	3.00e+09	1.07e+07	5.34e+05	1.90e+07	9.50e+06	1.69e+09	3.00e+05	5.99e+05	6.73e+07	5.99e+06	3.00e+06	5.34e+08	2.68e+08	5.34e+07	5.34e+07	1.90e+06	5.34e+06	
c113	8.00e+05	8.00e+05	4.50e+05	1.42e+06	4.50e+05	4.50e+05	4.50e+05	2.53e+06	4.50e+05	8.00e+05	4.50e+05	2.53e+05	1.42e+06	8.00e+05	8.00e+06	4.50e+05	4.50e+05	8.00e+05	4.01e+05	1.42e+06	
c12	1.42e+08	7.13e+06	4.50e+06	2.53e+08	2.53e+07	1.60e+08	5.05e+06	7.13e+07	1.27e+08	5.05e+06	2.53e+07	8.00e+05	4.01e+07	4.01e+06	5.66e+07	8.00e+07	1.60e+05	8.00e+06	1.60e+06	4.50e+07	
c14	4.25e+05	3.79e+08	1.69e+07	6.73e+06	6.00e+06	1.51e+09	2.39e+06	1.07e+06	1.34e+05	1.20e+08	1.07e+07	1.07e+07	1.90e+08	3.37e+06	3.37e+08	6.00e+06	1.07e+06	2.39e+06	1.07e+09	1.90e+09	
c140	4.44e+03	4.44e+03	4.44e+03	4.44e+03	4.44e+03	4.44e+03	4.44e+03	4.44e+03	4.44e+03	4.44e+03	4.44e+03	4.44e+03	4.44e+03	4.44e+03	4.44e+03	4.44e+03	4.44e+03	4.44e+03	4.44e+03	4.44e+03	
c141	1.62e+05	1.62e+05	1.62e+05	1.62e+05	1.62e+05	1.62e+05	1.62e+05	1.62e+05	1.62e+05	1.62e+05	1.62e+05	1.62e+05	1.62e+05	1.62e+05	1.62e+05	1.62e+05	1.62e+05	1.62e+05	1.62e+05	1.62e+05	
c143	7.40e+02	7.40e+02	7.40e+02	7.40e+02	7.40e+02	7.40e+02	7.40e+02	7.40e+02	7.40e+02	7.40e+02	7.40e+02	7.40e+02	7.40e+02	7.40e+02	7.40e+02	7.40e+02	7.40e+02	7.40e+02	7.40e+02	7.40e+02	
c22	1.42e+04	1.59e+06	7.11e+03	4.00e+03	2.25e+04	2.25e+04	7.11e+03	1.13e+05	3.56e+03	1.26e+05	7.98e+02	2.00e+05	7.11e+05	3.18e+05	5.65e+04	3.18e+03	7.11e+06	1.00e+04	1.26e+04	1.13e+04	
c26	3.27e+04	5.81e+04	3.27e+04	3.27e+04	5.81e+04	1.03e+05	1.03e+04	1.03e+04	1.84e+05	5.81e+04	5.81e+04	3.27e+04	3.27e+04	1.84e+05	3.27e+04	1.03e+04	1.03e+05	5.81e+04	1.84e+05	5.81e+04	
c279	8.89e+03	8.89e+03	8.89e+04	5.00e+03	8.89e+02	8.89e+02	2.81e+04	9.98e+03	1.58e+04	1.99e+02	8.89e+04	8.89e+04	3.15e+02	2.81e+04	8.89e+03	1.58e+04	3.15e+03	8.89e+04	5.00e+03	1.58e+03	
c280	3.51e+08	3.94e+08	1.40e+05	2.21e+04	2.79e+08	3.51e+06	7.00e+07	3.94e+08	4.42e+06	3.94e+06	1.97e+08	3.51e+07	2.21e+08	1.97e+07	3.94e+08	2.21e+08	4.42e+06	3.51e+04	6.24e+06	7.00e+06	
c287	6.32e+04	2.00e+07	1.12e+07	1.12e+06	3.56e+07	1.12e+06	6.32e+06	6.32e+06	6.32e+05	2.00e+07	6.32e+06	1.12e+06	1.12e+06	2.00e+06	1.78e+05	6.32e+06	2.00e+06	6.32e+06	3.56e+05	7.10e+06	
c30	5.00e+07	2.81e+08	8.89e+08	8.89e+05	3.15e+06	1.58e+07	7.92e+07	2.81e+08	8.89e+05	5.00e+08	2.81e+08	8.89e+07	1.58e+07	8.89e+08	1.58e+08	5.00e+07	2.81e+06	1.58e+06	2.81e+06	4.46e+06	
c31	1.10e+06	1.10e+06	1.10e+06	1.10e+06	1.10e+06	1.10e+06	1.10e+06	1.10e+06	1.10e+06	1.10e+06	1.10e+06	1.10e+06	1.10e+06	1.10e+06	1.10e+06	1.10e+06	1.10e+06	1.10e+06	1.10e+06	1.10e+06	
c41	4.00e+04	2.00e+05	1.26e+07	3.56e+05	1.79e+06	4.49e+06	7.11e+06	7.11e+03	4.00e+04	7.11e+06	1.26e+05	1.13e+06	7.98e+06	7.98e+05	1.26e+06	7.11e+04	4.00e+04	6.34e+04	7.11e+03	1.13e+07	
c426	2.67e+06	1.69e+04	1.50e+05	3.00e+05	1.06e+04	9.49e+07	1.50e+04	9.49e+05	9.49e+06	5.33e+04	5.33e+05	1.69e+06	1.69e+06	5.99e+03	3.37e+04	4.75e+05	4.75e+04	3.00e+05	5.33e+07	3.00e+06	
c44	8.89e+04	2.81e+04	1.58e+04	1.58e+04	2.81e+04	8.89e+03	2.81e+05	1.58e+04	1.58e+04	5.00e+03	2.81e+04	8.89e+04	5.00e+04	5.00e+04	1.58e+04	8.89e+04	2.81e+04	8.89e+03	2.81e+04	8.89e+03	
c444	3.94e+05	3.94e+05	7.00e+05	1.24e+06	7.00e+05	3.94e+05	1.24e+05	7.00e+05	7.00e+05	2.21e+05	7.00e+05	7.00e+05	7.00e+05	7.00e+05	7.00e+05	2.21e+05	7.00e+05	7.00e+05	1.24e+06	3.94e+06	
c461	3.94e+05	7.00e+04	2.21e+02	3.94e+05	2.21e+05	1.24e+05	3.94e+02	7.00e+04	1.24e+05	3.94e+04	2.21e+04	7.00e+04	1.11e+04	3.13e+04	3.94e+04	2.21e+04	2.21e+04	2.21e+03	7.00e+03	7.00e+03	
c463	3.98e+02	3.16e+03	1.00e+02	1.78e+03	3.98e+04	3.55e+04	1.78e+06	1.78e+06	3.55e+02	6.31e+03	2.00e+06	1.00e+03	6.31e+02	4.47e+02	5.62e+03	6.31e+05	1.78e+04	5.62e+04	1.12e+05	1.78e+02	
c47	3.02e+06	3.02e+06	3.02e+06	3.02e+06	3.02e+06	3.02e+06	3.02e+06	3.02e+06	3.02e+06	3.02e+06	3.02e+06	3.02e+06	3.02e+06	3.02e+06	3.02e+06	3.02e+06	3.02e+06	3.02e+06	3.02e+06	3.02e+06	
c53	1.24e+05	7.00e+04	3.94e+04	1.24e+05	3.94e+05	1.24e+05	2.21e+05	1.24e+05	1.24e+05	2.21e+06	2.21e+04	7.00e+04	7.00e+03	7.00e+04	7.00e+04	2.21e+04	1.40e+04	1.24e+05	3.94e+04	7.00e+03	
c531	7.00e+04	7.00e+04	7.00e+04	7.00e+04	7.00e+04	7.00e+04	7.00e+04	7.00e+04	7.00e+04	7.00e+04	7.00e+04	7.00e+04	7.00e+04	7.00e+04	7.00e+04	7.00e+04	7.00e+04	7.00e+04	7.00e+04	7.00e+04	
c55	6.95e+05	6.95e+05	6.95e+05	6.95e+05	6.95e+05	6.95e+05	6.95e+05	6.95e+05	6.95e+05	6.95e+05	6.95e+05	6.95e+05	6.95e+05	6.95e+05	6.95e+05	6.95e+05	6.95e+05	6.95e+05	6.95e+05	6.95e+05	
c60	9.49e+04	5.33e+05	3.00e+04	1.69e+04	3.00e+04	8.46e+05	5.33e+04	5.33e+04	5.33e+05	3.00e+04	3.00e+04	3.00e+04	5.33e+04	5.99e+05	3.00e+04	5.33e+04	5.33e+04	3.00e+04	1.69e+05	3.00e+04	
k1	0.00e+00	0.00e+00	0.00e+00	0.00e+00	0.00e+00	0.00e+00	0.00e+00	0.00e+00	0.00e+00	0.00e+00	0.00e+00	0.00e+00	0.00e+00	0.00e+00	0.00e+00	0.00e+00	0.00e+00	0.00e+00	0.00e+00	0.00e+00	
k100	1.00e+00	1.00e+00	1.00e+00	1.00e+00	1.00e+00	1.00e+00	1.00e+00	1.00e+00	1.00e+00	1.00e+00	1.00e+00	1.00e+00	1.00e+00	1.00e+00	1.00e+00	1.00e+00	1.00e+00	1.00e+00	1.00e+00	1.00e+00	
k101	8.33e-07	8.33e-07	8.33e-07	8.33e-07	8.33e-07	8.33e-07	8.33e-07	8.33e-07	8.33e-07	8.33e-07	8.33e-07	8.33e-07	8.33e-07	8.33e-07	8.33e-07	8.33e-07	8.33e-07	8.33e-07	8.33e-07	8.33e-07	
k102	5.00e-07	5.00e-07	5.00e-07	5.00e-07	5.00e-07	5.00e-07	5.00e-07	5.00e-07	5.00e-07	5.00e-07	5.00e-07	5.00e-07	5.00e-07	5.00e-07	5.00e-07	5.00e-07	5.00e-07	5.00e-07	5.00e-07	5.00e-07	
k103	1.33e-10	5.28e-07	9.39e-08	1.67e-08	2.65e-06	4.71e-07	2.10e-08	9.39e-09	1.67e-07	1.67e-08	1.05e-08	5.93e-11	3.33e-07	9.39e-11	1.05e-09	2.97e-08	9.39e-10	2.97e-09	2.97e-09	2.97e-07	
k104	0.00e+00	0.00e+00	0.00e+00	0.00e+00	0.00e+00	0.00e+00	0.00e+00	0.00e+00	0.00e+00	0.00e+00	0.00e+00	0.00e+00	0.00e+00	0.00e+00	0.00e+00	0.00e+00	0.00e+00	0.00e+00	0.00e+00	0.00e+00	
k105	6.67e-05	6.67e-05	6.67e-05	6.67e-05	6.67e-05	6.67e-05	6.67e-05	6.67e-05	6.67e-05	6.67e-05	6.67e-05	6.67e-05	6.67e-05	6.67e-05	6.67e-05	6.67e-05	6.67e-05	6.67e-05	6.67e-05	6.67e-05	
k106	7.48e-05	1.33e-05	1.33e-05	1.33e-05	2.37e-07	4.21e-05	2.11e-05	2.37e-05	2.37e-05	1.49e-07	4.21e-06	4.21e-07	2.37e-05	2.37e-05	4.21e-05	2.37e-05	2.37e-05	4.21e-06	1.33e-05	7.48e-07	
k106b	1.48e-06	8.33e-07	1.48e-07	4.68e-08	5.26e-07	8.33e-07	1.48e-05	5.26e-07	4.68e-08	4.68e-06	8.33e-06	8.33e-06	4.68e-07	4.68e-07	1.48e-07	2.63e-08	1.48e-07	4.17e-06	1.66e-06	1.48e-06	
k107	3.33e-05	3.33e-05	3.33e-05	3.33e-05	3.33e-05	3.33e-05	3.33e-05	3.33e-05	3.33e-05	3.33e-05	3.33e-05	3.33e-05	3.33e-05	3.33e-05	3.33e-05	3.33e-05	3.33e-05	3.33e-05	3.33e-05	3.33e-05	
k108	0.00e+00	0.00e+00	0.00e+00	0.00e+00	0.00e+00	0.00e+00	0.00e+00	0.00e+00	0.00e+00	0.00e+00	0.00e+00	0.00e+00	0.00e+00	0.00e+00	0.00e+00	0.00e+00	0.00e+00	0.00e+00	0.00e+00	0.00e+00	
k109	5.00e-06	5.00e-06	5.00e-06	5.00e-06	5.00e-06	5.00e-06	5.00e-06	5.00e-06	5.00e-06	5.00e-06	5.00e-06	5.00e-06	5.00e-06	5.00e-06	5.00e-06	5.00e-06	5.00e-06	5.00e-06	5.00e-06	5.00e-06	
k10b	5.43e-02	5.43e-02	5.43e-02	5.43e-02	5.43e-02	5.43e-02	5.43e-02	5.43e-02	5.43e-02	5.43e-02	5.43e-02	5.43e-02	5.43e-02	5.43e-02	5.43e-02	5.43e-02	5.43e-02	5.43e-02	5.43e-02	5.43e-02	
k110	3.33e-04	3.33e-04	3.33e-04	3.33e-04	3.33e-04	3.33e-04	3.33e-04	3.33e-04	3.33e-04	3.33e-04	3.33e-04	3.33e-04	3.33e-04	3.33e-04	3.33e-04	3.33e-04	3.33e-04	3.33e-04	3.33e-04	3.33e-04	
k111	0.00e+00	0.00e+00	0.00e+00	0.00e+00	0.00e+00	0.00e+00	0.00e+00	0.00e+00	0.00e+00	0.00e+00	0.00e+00	0.00e+00	0.00e+00	0.00e+00	0.00e+00	0.00e+00	0.00e+00	0.00e+00	0.00e+00	0.00e+00	
k112	1.67e-04	5.93e-04	5.28e-03	2.97e-03	1.49e-04	2.97e-03	2.97e-03	5.28e-03	2.97e-05	9.39e-04	1.67e-04	1.67e-03	5.28e-04	5.28e-04	5.28e-03	3.33e-03	4.71e-03	2.97e-04	2.97e-04	9.39e-04	
k113	0.00e+00	0.00e+00	0.00e+00	0.00e+00	0.00e+00	0.00e+00	0.00e+00	0.00e+00	0.00e+00	0.00e+00	0.00e+00	0.00e+00	0.00e+00	0.00e+00	0.00e+00	0.00e+00	0.00e+00	0.00e+00	0.00e+00	0.00e+00	
k114	8.87e-05	8.87e-06	1.25e-05	2.50e-04	1.41e-05	1.41e-06	4.45e-05	7.91e-07	1.58e-07	6.28e-03	1.25e-05	7.91e-03	9.95e-07	3.15e-06	1.25e-04	3.96e-05	4.45e-07	4.99e-03	1.41e-07	1.25e-03	
k115	0.00e+00	0.00e+00	0.00e+00	0.00e+00	0.00e+00	0.00e+00	0.00e+00	0.00e+00	0.00e+00	0.00e+00	0.00e+00	0.00e+00	0.00e+00	0.00e+00	0.00e+00	0.00e+00	0.00e+00	0.00e+00	0.00e+00	0.00e+00	
k116	1.69e-03	1.69e-02	3.00e-03	9.49e-04	3.00e-03	5.33e-03	1.06e-03	9.49e-03	3.00e-03	5.33e-02	5.33e-03	2.67e-04	5.33e-02	3.00e-03	5.33e-03	9.49e-03	5.33e-03	9.49e-03	4.75e-03	9.49e-02	
k117	8.33e-08	8.33e-08	8.33e-08	8.33e-08	8.33e-08	8.33e-08	8.33e-08	8.33e-08	8.33e-08	8.33e-08	8.33e-08	8.33e-08	8.33e-08	8.33e-08	8.33e-08	8.33e-08	8.33e-08	8.33e-08	8.33e-08	8.33e-08	
k118	0.00e+00	0.00e+00	0.00e+00	0.00e+00	0.00e+00	0.00e+00	0.00e+00	0.00e+00	0.00e+00	0.00e+00	0.00e+00	0.00e+00	0.00e+00	0.00e+00	0.00e+00	0.00e+00	0.00e+00	0.00e+00	0.00e+00	0.00e+00	
k119	1.00e+07	1.00e+07	1.00e+07	1.00e+07	1.00e+07	1.00e+07	1.00e+07	1.00e+07	1.00e+07	1.00e+07	1.00e+07	1.00e+07	1.00e+07	1.00e+07	1.00e+07	1.00e+07	1.00e+07	1.00e+07	1.00e+07	1.00e+07	
k120	8.33e-08	8.33e-07	4.68e-08	1.48e-07	1.48e-09	4.68e-08	4.68e-08	8.33e-08	8.33e-08	1.66e-08	4.68e-09	5.26e-11	1.48e-07	8.33e-08	8.33e-08	1.48e-07	8.33e-08	3.72e-10	1.48e-07	8.33e-11	
k120b	2.97e-09	9.39e-11	9.39e-09	5.28e-08	9.39e-08	2.65e-08	9.39e-08	2.97e-08	1.67e-08	2.97e-07	2.97e-07	5.28e-07	2.97e-08	9.39e-09	2.36e-08	5.28e-09	1.67e-08	1.67e-07	4.71e-10	5.28e-07	
k122	4.70e-08	2.96e-10	9.37e-08	1.67e-06	4.70e-08	1.67e-09	9.37e-09	5.27e-06	3.73e-08	5.27e-06	2.64e-07	5.27e-07	1.87e-08	1.05e-07	2.35e-07	5.27e-09	9.37e-10	4.70e-08	5.91e-08	4.70e-06	
k123	0.00e+00	0.00e+00	0.00e+00	0.00e+00	0.00e+00	0.00e+00	0.00e+00	0.00e+00	0.00e+00	0.00e+00	0.00e+00	0.00e+00	0.00e+00	0.00e+00	0.00e+00	0.00e+00	0.00e+00	0.00e+00	0.00e+00	0.00e+00	
k123h	0.00e+00	0.00e+00	0.00e+00	0.00e+00	0.00e+00	0.00e+00	0.00e+00	0.00e+00	0.00e+00	0.00e+00	0.00e+00	0.00e+00	0.00e+00	0.00e+00	0.00e+00	0.00e+00	0.00e+00	0.00e+00	0.00e+00	0.00e+00	
k15	1.67e-08	1.67e-08	1.67e-08	1.67e-08	1.67e-08	1.67e-08	1.67e-08	1.67e-08	1.67e-08	1.67e-08	1.67e-08	1.67e-08	1.67e-08	1.67e-08	1.67e-08	1.67e-08	1.67e-08	1.67e-08	1.67e-08	1.67e-08	
k16	1.67e-05	1.67e-05	1.67e-05	1.67e-05	1.67e-05	1.67e-05	1.67e-05	1.67e-05	1.67e-05	1.67e-05	1.67e-05	1.67e-05	1.67e-05	1.67e-05	1.67e-05	1.67e-05	1.67e-05	1.67e-05	1.67e-05	1.67e-05	
k17	1.67e-05	1.67e-05	1.67e-05	1.67e-05	1.67e-05	1.67e-05	1.67e-05	1.67e-05	1.67e-05	1.67e-05	1.67e-05	1.67e-05	1.67e-05	1.67e-05	1.67e-05	1.67e-05	1.67e-05	1.67e-05	1.67e-05	1.67e-05	
k18	2.50e-05	2.50e-05	2.50e-05	2.50e-05	2.50e-05	2.50e-05	2.50e-05	2.50e-05	2.50e-05	2.50e-05	2.50e-05	2.50e-05	2.50e-05	2.50e-05	2.50e-05	2.50e-05	2.50e-05	2.50e-05	2.50e-05	2.50e-05	
k19	1.67e-07	1.67e-07	1.67e-07	1.67e-07	1.67e-07	1.67e-07	1.67e-07	1.67e-07	1.67e-07	1.67e-07	1.67e-07	1.67e-07	1.67e-07	1.67e-07	1.67e-07	1.67e-07	1.67e-07	1.67e-07	1.67e-07	1.67e-07	
k1c	8.00e+02	8.00e+02	8.00e+02	8.00e+02	8.00e+02	8.00e+02	8.00e+02	8.00e+02	8.00e+02	8.00e+02	8.00e+02	8.00e+02	8.00e+02	8.00e+02	8.00e+02	8.00e+02	8.00e+02	8.00e+02	8.00e+02	8.00e+02	
k1d	5.18e+02	5.18e+02	5.18e+02	5.18e+02	5.18e+02	5.18e+02	5.18e+02	5.18e+02	5.18e+02	5.18e+02	5.18e+02	5.18e+02	5.18e+02	5.18e+02	5.18e+02	5.18e+02	5.18e+02	5.18e+02	5.18e+02	5.18e+02	
k2	1.67e-05	5.27e-06	1.67e-04	9.37e-05	2.96e-04	9.37e-05	5.27e-04	2.96e-05	3.33e-05	1.87e-05	5.27e-04	4.70e-04	9.37e-05	9.37e-05	1.87e-05	1.32e-05	8.35e-05	5.27e-04	1.05e-04	5.27e-05	
k20	3.50e-07	3.50e-07	6.22e-07	6.22e-07	3.93e-07	3.12e-07	1.11e-07	2.48e-08	3.12e-05	9.86e-07	2.21e-08	1.11e-08	3.50e-06	3.50e-08	2.78e-08	3.50e-07	1.11e-06	7.84e-06	2.48e-07	2.48e-08	
k21	3.67e-07	3.67e-07	3.67e-07	3.67e-07	3.67e-07	3.67e-07	3.67e-07	3.67e-07	3.67e-07	3.67e-07	3.67e-07	3.67e-07	3.67e-07	3.67e-07	3.67e-07	3.67e-07	3.67e-07	3.67e-07	3.67e-07	3.67e-07	
k22	1.11e-04	3.12e-04	6.22e-07	1.11e-05	3.12e-06	3.93e-07	6.22e-05	3.50e-04	7.84e-07	3.50e-05	1.11e-05	3.93e-06	3.50e-04	1.97e-03	9.86e-07	1.11e-07	6.22e-06	3.50e-05	6.22e-07	1.11e-04	
k23	6.00e+00	6.00e+00	6.00e+00	6.00e+00	6.00e+00	6.00e+00	6.00e+00	6.00e+00	6.00e+00	6.00e+00	6.00e+00	6.00e+00	6.00e+00	6.00e+00	6.00e+00	6.00e+00	6.00e+00	6.00e+00	6.00e+00	6.00e+00	
k25	1.67e-05	1.67e-05	1.67e-05	1.67e-05	1.67e-05	1.67e-05	1.67e-05	1.67e-05	1.67e-05	1.67e-05	1.67e-05	1.67e-05	1.67e-05	1.67e-05	1.67e-05	1.67e-05	1.67e-05	1.67e-05	1.67e-05	1.67e-05	
k28	5.00e-06	5.00e-06	5.00e-06	5.00e-06	5.00e-06	5.00e-06	5.00e-06	5.00e-06	5.00e-06	5.00e-06	5.00e-06	5.00e-06	5.00e-06	5.00e-06	5.00e-06	5.00e-06	5.00e-06	5.00e-06	5.00e-06	5.00e-06	
k29	1.17e-06	1.17e-06	1.17e-06	1.17e-06	1.17e-06	1.17e-06	1.17e-06	1.17e-06	1.17e-06	1.17e-06	1.17e-06	1.17e-06	1.17e-06	1.17e-06	1.17e-06	1.17e-06	1.17e-06	1.17e-06	1.17e-06	1.17e-06	
k2b	1.67e-07	1.87e-07	1.18e-06	1.87e-07	5.92e-07	1.05e-07	5.92e-07	3.33e-07	3.33e-07	1.05e-07	5.92e-07	3.33e-09	1.87e-07	6.64e-08	5.92e-08	5.92e-08	1.05e-08	2.10e-07	1.05e-06	1.87e-07	
k32	4.00e-07	4.00e-07	4.00e-07	4.00e-07	4.00e-07	4.00e-07	4.00e-07	4.00e-07	4.00e-07	4.00e-07	4.00e-07	4.00e-07	4.00e-07	4.00e-07	4.00e-07	4.00e-07	4.00e-07	4.00e-07	4.00e-07	4.00e-07	
k33	3.50e-05	3.50e-05	3.50e-05	3.50e-05	3.50e-05	3.50e-05	3.50e-05	3.50e-05	3.50e-05	3.50e-05	3.50e-05	3.50e-05	3.50e-05	3.50e-05	3.50e-05	3.50e-05	3.50e-05	3.50e-05	3.50e-05	3.50e-05	
k34	7.50e-06	7.50e-06	7.50e-06	7.50e-06	7.50e-06	7.50e-06	7.50e-06	7.50e-06	7.50e-06	7.50e-06	7.50e-06	7.50e-06	7.50e-06	7.50e-06	7.50e-06	7.50e-06	7.50e-06	7.50e-06	7.50e-06	7.50e-06	
k35	7.50e-06	7.50e-06	7.50e-06	7.50e-06	7.50e-06	7.50e-06	7.50e-06	7.50e-06	7.50e-06	7.50e-06	7.50e-06	7.50e-06	7.50e-06	7.50e-06	7.50e-06	7.50e-06	7.50e-06	7.50e-06	7.50e-06	7.50e-06	
k36	5.00e-03	5.00e-03	5.00e-03	5.00e-03	5.00e-03	5.00e-03	5.00e-03	5.00e-03	5.00e-03	5.00e-03	5.00e-03	5.00e-03	5.00e-03	5.00e-03	5.00e-03	5.00e-03	5.00e-03	5.00e-03	5.00e-03	5.00e-03	
k37	1.50e-06	1.50e-06	1.50e-06	1.50e-06	1.50e-06	1.50e-06	1.50e-06	1.50e-06	1.50e-06	1.50e-06	1.50e-06	1.50e-06	1.50e-06	1.50e-06	1.50e-06	1.50e-06	1.50e-06	1.50e-06	1.50e-06	1.50e-06	
k4	6.73e-06	6.73e-06	6.73e-06	6.73e-06	6.73e-06	6.73e-06	6.73e-06	6.73e-06	6.73e-06	6.73e-06	6.73e-06	6.73e-06	6.73e-06	6.73e-06	6.73e-06	6.73e-06	6.73e-06	6.73e-06	6.73e-06	6.73e-06	
k40	5.00e-05	5.00e-05	5.00e-05	5.00e-05	5.00e-05	5.00e-05	5.00e-05	5.00e-05	5.00e-05	5.00e-05	5.00e-05	5.00e-05	5.00e-05	5.00e-05	5.00e-05	5.00e-05	5.00e-05	5.00e-05	5.00e-05	5.00e-05	
k41	5.00e-05	5.00e-05	5.00e-05	5.00e-05	5.00e-05	5.00e-05	5.00e-05	5.00e-05	5.00e-05	5.00e-05	5.00e-05	5.00e-05	5.00e-05	5.00e-05	5.00e-05	5.00e-05	5.00e-05	5.00e-05	5.00e-05	5.00e-05	
k42	1.07e-04	1.90e-04	1.90e-04	1.07e-04	6.00e-05	1.90e-05	3.37e-05	3.37e-05	6.00e-05	1.90e-04	6.00e-05	3.37e-05	1.90e-05	1.07e-04	3.37e-05	6.00e-05	1.90e-05	6.00e-05	6.00e-05	3.37e-05	
k43	0.00e+00	0.00e+00	0.00e+00	0.00e+00	0.00e+00	0.00e+00	0.00e+00	0.00e+00	0.00e+00	0.00e+00	0.00e+00	0.00e+00	0.00e+00	0.00e+00	0.00e+00	0.00e+00	0.00e+00	0.00e+00	0.00e+00	0.00e+00	
k44	1.90e-05	1.90e-04	1.90e-05	1.07e-05	1.07e-05	3.38e-06	6.02e-05	3.38e-05	6.02e-05	1.90e-05	1.07e-05	1.90e-05	1.07e-05	1.90e-05	6.02e-05	1.90e-05	3.38e-06	3.38e-06	1.07e-05	3.38e-06	
k45	0.00e+00	0.00e+00	0.00e+00	0.00e+00	0.00e+00	0.00e+00	0.00e+00	0.00e+00	0.00e+00	0.00e+00	0.00e+00	0.00e+00	0.00e+00	0.00e+00	0.00e+00	0.00e+00	0.00e+00	0.00e+00	0.00e+00	0.00e+00	
k47	0.00e+00	0.00e+00	0.00e+00	0.00e+00	0.00e+00	0.00e+00	0.00e+00	0.00e+00	0.00e+00	0.00e+00	0.00e+00	0.00e+00	0.00e+00	0.00e+00	0.00e+00	0.00e+00	0.00e+00	0.00e+00	0.00e+00	0.00e+00	
k48	8.41e-07	4.21e-06	2.37e-04	4.21e-05	4.21e-06	4.21e-06	2.37e-06	4.21e-05	1.50e-05	7.49e-07	4.21e-06	4.21e-06	7.49e-04	7.49e-05	3.35e-04	1.33e-06	2.37e-03	2.11e-06	2.37e-06	7.49e-06	
k49	0.00e+00	0.00e+00	0.00e+00	0.00e+00	0.00e+00	0.00e+00	0.00e+00	0.00e+00	0.00e+00	0.00e+00	0.00e+00	0.00e+00	0.00e+00	0.00e+00	0.00e+00	0.00e+00	0.00e+00	0.00e+00	0.00e+00	0.00e+00	
k4b	0.00e+00	0.00e+00	0.00e+00	0.00e+00	0.00e+00	0.00e+00	0.00e+00	0.00e+00	0.00e+00	0.00e+00	0.00e+00	0.00e+00	0.00e+00	0.00e+00	0.00e+00	0.00e+00	0.00e+00	0.00e+00	0.00e+00	0.00e+00	
k5	0.00e+00	0.00e+00	0.00e+00	0.00e+00	0.00e+00	0.00e+00	0.00e+00	0.00e+00	0.00e+00	0.00e+00	0.00e+00	0.00e+00	0.00e+00	0.00e+00	0.00e+00	0.00e+00	0.00e+00	0.00e+00	0.00e+00	0.00e+00	
k50	8.44e-08	2.67e-07	1.50e-07	1.50e-06	1.50e-05	7.53e-04	2.67e-07	9.47e-08	8.44e-07	1.50e-06	4.75e-06	8.44e-08	4.75e-07	2.67e-06	2.67e-06	8.44e-06	1.50e-05	8.44e-06	2.67e-06	2.38e-06	
k52	8.85e-04	1.57e-05	4.98e-06	8.85e-07	1.57e-04	1.57e-04	8.85e-05	8.85e-05	1.57e-04	4.98e-05	8.85e-05	4.98e-06	8.85e-05	1.57e-04	8.85e-05	8.85e-05	4.98e-04	1.57e-04	2.80e-05	1.57e-06	
k53	0.00e+00	0.00e+00	0.00e+00	0.00e+00	0.00e+00	0.00e+00	0.00e+00	0.00e+00	0.00e+00	0.00e+00	0.00e+00	0.00e+00	0.00e+00	0.00e+00	0.00e+00	0.00e+00	0.00e+00	0.00e+00	0.00e+00	0.00e+00	
k55	0.00e+00	0.00e+00	0.00e+00	0.00e+00	0.00e+00	0.00e+00	0.00e+00	0.00e+00	0.00e+00	0.00e+00	0.00e+00	0.00e+00	0.00e+00	0.00e+00	0.00e+00	0.00e+00	0.00e+00	0.00e+00	0.00e+00	0.00e+00	
k56	4.46e-06	2.51e-05	2.51e-06	7.93e-06	1.41e-05	2.51e-05	7.93e-06	4.46e-05	7.93e-06	7.93e-05	2.51e-05	2.51e-06	2.51e-05	2.51e-05	1.41e-05	2.51e-06	2.51e-06	1.41e-05	1.12e-05	1.41e-04	
k57	0.00e+00	0.00e+00	0.00e+00	0.00e+00	0.00e+00	0.00e+00	0.00e+00	0.00e+00	0.00e+00	0.00e+00	0.00e+00	0.00e+00	0.00e+00	0.00e+00	0.00e+00	0.00e+00	0.00e+00	0.00e+00	0.00e+00	0.00e+00	
k58	8.33e-07	8.33e-07	8.33e-07	8.33e-07	8.33e-07	8.33e-07	8.33e-07	8.33e-07	8.33e-07	8.33e-07	8.33e-07	8.33e-07	8.33e-07	8.33e-07	8.33e-07	8.33e-07	8.33e-07	8.33e-07	8.33e-07	8.33e-07	
k5b	0.00e+00	0.00e+00	0.00e+00	0.00e+00	0.00e+00	0.00e+00	0.00e+00	0.00e+00	0.00e+00	0.00e+00	0.00e+00	0.00e+00	0.00e+00	0.00e+00	0.00e+00	0.00e+00	0.00e+00	0.00e+00	0.00e+00	0.00e+00	
k6	1.16e-03	1.30e-05	7.31e-04	4.11e-03	1.30e-03	2.31e-03	2.31e-03	8.20e-04	2.31e-03	2.31e-03	2.31e-03	2.31e-03	2.31e-03	1.30e-03	2.31e-03	6.52e-04	1.30e-03	4.11e-03	7.31e-04	2.31e-03	
k60	2.99e-04	1.50e-03	2.67e-04	1.34e-03	1.89e-04	1.50e-03	2.67e-03	4.74e-04	1.50e-03	1.50e-03	4.74e-03	2.67e-03	4.74e-03	8.44e-04	8.44e-04	2.67e-04	1.50e-03	5.32e-04	1.50e-04	1.50e-03	
k60b	1.33e-03	4.71e-02	2.36e-06	2.10e-04	2.97e-06	2.65e-05	1.33e-05	3.74e-04	2.36e-03	2.36e-03	2.36e-03	1.33e-06	4.20e-02	3.74e-03	1.33e-02	4.20e-04	4.20e-03	6.66e-06	6.66e-04	2.36e-02	
k60c	5.20e-04	5.20e-04	5.20e-04	5.20e-04	5.20e-04	5.20e-04	5.20e-04	5.20e-04	5.20e-04	5.20e-04	5.20e-04	5.20e-04	5.20e-04	5.20e-04	5.20e-04	5.20e-04	5.20e-04	5.20e-04	5.20e-04	5.20e-04	
k61	5.70e-04	5.70e-04	5.70e-04	5.70e-04	5.70e-04	5.70e-04	5.70e-04	5.70e-04	5.70e-04	5.70e-04	5.70e-04	5.70e-04	5.70e-04	5.70e-04	5.70e-04	5.70e-04	5.70e-04	5.70e-04	5.70e-04	5.70e-04	
k62b	4.16e-04	4.16e-04	4.16e-04	4.16e-04	4.16e-04	4.16e-04	4.16e-04	4.16e-04	4.16e-04	4.16e-04	4.16e-04	4.16e-04	4.16e-04	4.16e-04	4.16e-04	4.16e-04	4.16e-04	4.16e-04	4.16e-04	4.16e-04	
k64	1.67e-05	1.67e-05	1.67e-05	1.67e-05	1.67e-05	1.67e-05	1.67e-05	1.67e-05	1.67e-05	1.67e-05	1.67e-05	1.67e-05	1.67e-05	1.67e-05	1.67e-05	1.67e-05	1.67e-05	1.67e-05	1.67e-05	1.67e-05	
k65	0.00e+00	0.00e+00	0.00e+00	0.00e+00	0.00e+00	0.00e+00	0.00e+00	0.00e+00	0.00e+00	0.00e+00	0.00e+00	0.00e+00	0.00e+00	0.00e+00	0.00e+00	0.00e+00	0.00e+00	0.00e+00	0.00e+00	0.00e+00	
k66	1.50e-05	1.50e-05	1.50e-05	1.50e-05	1.50e-05	1.50e-05	1.50e-05	1.50e-05	1.50e-05	1.50e-05	1.50e-05	1.50e-05	1.50e-05	1.50e-05	1.50e-05	1.50e-05	1.50e-05	1.50e-05	1.50e-05	1.50e-05	
k67	5.00e-05	5.00e-05	5.00e-05	5.00e-05	5.00e-05	5.00e-05	5.00e-05	5.00e-05	5.00e-05	5.00e-05	5.00e-05	5.00e-05	5.00e-05	5.00e-05	5.00e-05	5.00e-05	5.00e-05	5.00e-05	5.00e-05	5.00e-05	
k68	0.00e+00	0.00e+00	0.00e+00	0.00e+00	0.00e+00	0.00e+00	0.00e+00	0.00e+00	0.00e+00	0.00e+00	0.00e+00	0.00e+00	0.00e+00	0.00e+00	0.00e+00	0.00e+00	0.00e+00	0.00e+00	0.00e+00	0.00e+00	
k69	1.05e-04	1.05e-05	3.33e-05	1.87e-04	1.87e-04	3.33e-05	1.87e-05	5.92e-05	5.92e-05	5.92e-05	3.33e-05	3.33e-05	1.87e-04	5.92e-05	1.87e-05	5.92e-05	5.92e-06	3.33e-05	5.92e-05	1.87e-05	
k6b	0.00e+00	0.00e+00	0.00e+00	0.00e+00	0.00e+00	0.00e+00	0.00e+00	0.00e+00	0.00e+00	0.00e+00	0.00e+00	0.00e+00	0.00e+00	0.00e+00	0.00e+00	0.00e+00	0.00e+00	0.00e+00	0.00e+00	0.00e+00	
k7	5.00e-05	5.00e-05	5.00e-05	5.00e-05	5.00e-05	5.00e-05	5.00e-05	5.00e-05	5.00e-05	5.00e-05	5.00e-05	5.00e-05	5.00e-05	5.00e-05	5.00e-05	5.00e-05	5.00e-05	5.00e-05	5.00e-05	5.00e-05	
k70	3.75e-06	2.11e-04	3.75e-03	1.19e-05	1.88e-06	6.67e-06	2.11e-05	3.34e-05	4.21e-07	2.98e-03	7.48e-03	4.21e-05	2.11e-06	3.34e-04	2.66e-06	2.11e-05	3.75e-07	1.88e-03	2.66e-05	2.11e-04	
k71	0.00e+00	0.00e+00	0.00e+00	0.00e+00	0.00e+00	0.00e+00	0.00e+00	0.00e+00	0.00e+00	0.00e+00	0.00e+00	0.00e+00	0.00e+00	0.00e+00	0.00e+00	0.00e+00	0.00e+00	0.00e+00	0.00e+00	0.00e+00	
k72	0.00e+00	0.00e+00	0.00e+00	0.00e+00	0.00e+00	0.00e+00	0.00e+00	0.00e+00	0.00e+00	0.00e+00	0.00e+00	0.00e+00	0.00e+00	0.00e+00	0.00e+00	0.00e+00	0.00e+00	0.00e+00	0.00e+00	0.00e+00	
k73	3.75e-06	2.37e-06	4.21e-08	1.33e-06	4.72e-07	1.33e-07	1.33e-07	2.37e-07	9.42e-06	4.21e-06	7.48e-07	4.21e-07	7.48e-05	7.48e-06	2.37e-07	2.37e-05	4.72e-08	3.34e-07	1.33e-03	7.48e-07	
k74	5.67e-05	3.58e-05	4.50e-06	3.19e-04	6.36e-04	5.05e-04	1.60e-02	3.19e-04	5.67e-07	1.01e-03	1.01e-02	1.79e-06	3.58e-06	3.58e-05	3.19e-03	1.79e-06	8.99e-04	2.84e-06	1.42e-02	1.01e-03	
k75	0.00e+00	0.00e+00	0.00e+00	0.00e+00	0.00e+00	0.00e+00	0.00e+00	0.00e+00	0.00e+00	0.00e+00	0.00e+00	0.00e+00	0.00e+00	0.00e+00	0.00e+00	0.00e+00	0.00e+00	0.00e+00	0.00e+00	0.00e+00	
k76	0.00e+00	0.00e+00	0.00e+00	0.00e+00	0.00e+00	0.00e+00	0.00e+00	0.00e+00	0.00e+00	0.00e+00	0.00e+00	0.00e+00	0.00e+00	0.00e+00	0.00e+00	0.00e+00	0.00e+00	0.00e+00	0.00e+00	0.00e+00	
k8	5.27e-07	5.91e-09	9.37e-06	1.67e-05	9.37e-05	1.49e-06	2.96e-06	5.91e-08	2.96e-04	3.33e-08	9.37e-07	2.64e-04	8.35e-07	6.64e-07	1.49e-06	1.67e-08	2.96e-06	1.87e-05	6.64e-07	5.27e-06	
k8b	4.17e-06	1.48e-06	2.63e-07	9.35e-07	1.48e-03	4.17e-07	1.32e-05	4.68e-07	4.68e-04	2.63e-06	8.33e-04	4.68e-06	1.48e-05	9.35e-06	1.48e-06	4.17e-08	1.48e-03	2.63e-03	2.09e-06	2.96e-07	
k94	5.00e-05	5.00e-05	5.00e-05	5.00e-05	5.00e-05	5.00e-05	5.00e-05	5.00e-05	5.00e-05	5.00e-05	5.00e-05	5.00e-05	5.00e-05	5.00e-05	5.00e-05	5.00e-05	5.00e-05	5.00e-05	5.00e-05	5.00e-05	
k94b	5.00e-05	5.00e-05	5.00e-05	5.00e-05	5.00e-05	5.00e-05	5.00e-05	5.00e-05	5.00e-05	5.00e-05	5.00e-05	5.00e-05	5.00e-05	5.00e-05	5.00e-05	5.00e-05	5.00e-05	5.00e-05	5.00e-05	5.00e-05	
k95	0.00e+00	0.00e+00	0.00e+00	0.00e+00	0.00e+00	0.00e+00	0.00e+00	0.00e+00	0.00e+00	0.00e+00	0.00e+00	0.00e+00	0.00e+00	0.00e+00	0.00e+00	0.00e+00	0.00e+00	0.00e+00	0.00e+00	0.00e+00	
k96	1.67e-06	1.67e-06	1.67e-06	1.67e-06	1.67e-06	1.67e-06	1.67e-06	1.67e-06	1.67e-06	1.67e-06	1.67e-06	1.67e-06	1.67e-06	1.67e-06	1.67e-06	1.67e-06	1.67e-06	1.67e-06	1.67e-06	1.67e-06	
k97	1.00e+06	1.00e+06	1.00e+06	1.00e+06	1.00e+06	1.00e+06	1.00e+06	1.00e+06	1.00e+06	1.00e+06	1.00e+06	1.00e+06	1.00e+06	1.00e+06	1.00e+06	1.00e+06	1.00e+06	1.00e+06	1.00e+06	1.00e+06	
k97c	1.00e+06	1.00e+06	1.00e+06	1.00e+06	1.00e+06	1.00e+06	1.00e+06	1.00e+06	1.00e+06	1.00e+06	1.00e+06	1.00e+06	1.00e+06	1.00e+06	1.00e+06	1.00e+06	1.00e+06	1.00e+06	1.00e+06	1.00e+06	
k98	3.33e+04	3.33e+04	3.33e+04	3.33e+04	3.33e+04	3.33e+04	3.33e+04	3.33e+04	3.33e+04	3.33e+04	3.33e+04	3.33e+04	3.33e+04	3.33e+04	3.33e+04	3.33e+04	3.33e+04	3.33e+04	3.33e+04	3.33e+04	
k99	4.42e+00	4.42e+00	4.42e+00	4.42e+00	4.42e+00	4.42e+00	4.42e+00	4.42e+00	4.42e+00	4.42e+00	4.42e+00	4.42e+00	4.42e+00	4.42e+00	4.42e+00	4.42e+00	4.42e+00	4.42e+00	4.42e+00	4.42e+00	
kd1	3.30e-02	3.30e-02	3.30e-02	3.30e-02	3.30e-02	3.30e-02	3.30e-02	3.30e-02	3.30e-02	3.30e-02	3.30e-02	3.30e-02	3.30e-02	3.30e-02	3.30e-02	3.30e-02	3.30e-02	3.30e-02	3.30e-02	3.30e-02	
kd10	1.10e-02	1.10e-02	1.10e-02	1.10e-02	1.10e-02	1.10e-02	1.10e-02	1.10e-02	1.10e-02	1.10e-02	1.10e-02	1.10e-02	1.10e-02	1.10e-02	1.10e-02	1.10e-02	1.10e-02	1.10e-02	1.10e-02	1.10e-02	
kd100	1.00e-03	1.00e-03	1.00e-03	1.00e-03	1.00e-03	1.00e-03	1.00e-03	1.00e-03	1.00e-03	1.00e-03	1.00e-03	1.00e-03	1.00e-03	1.00e-03	1.00e-03	1.00e-03	1.00e-03	1.00e-03	1.00e-03	1.00e-03	
kd101	5.33e+00	3.37e-01	2.38e+01	5.33e-02	6.72e+00	5.99e-02	3.00e-01	9.49e-01	5.33e-02	1.50e+00	3.00e-01	1.69e-01	9.49e-02	3.00e+00	1.69e+00	3.00e+00	5.33e-01	2.67e-01	5.33e+00	3.00e-01	
kd102	1.41e-01	1.58e-03	1.77e-02	1.58e-01	3.97e-01	9.98e+01	5.61e-01	5.00e-03	1.99e-02	5.00e-01	5.00e-03	2.23e-03	2.81e-02	1.41e-02	1.99e-01	1.26e-02	8.89e+01	1.77e+01	2.81e-01	8.89e-03	
kd103	1.60e-02	1.60e-02	1.60e-02	1.60e-02	1.60e-02	1.60e-02	1.60e-02	1.60e-02	1.60e-02	1.60e-02	1.60e-02	1.60e-02	1.60e-02	1.60e-02	1.60e-02	1.60e-02	1.60e-02	1.60e-02	1.60e-02	1.60e-02	
kd104	2.00e-01	2.00e-01	2.00e-01	2.00e-01	2.00e-01	2.00e-01	2.00e-01	2.00e-01	2.00e-01	2.00e-01	2.00e-01	2.00e-01	2.00e-01	2.00e-01	2.00e-01	2.00e-01	2.00e-01	2.00e-01	2.00e-01	2.00e-01	
kd105	1.00e-01	1.00e-01	1.00e-01	1.00e-01	1.00e-01	1.00e-01	1.00e-01	1.00e-01	1.00e-01	1.00e-01	1.00e-01	1.00e-01	1.00e-01	1.00e-01	1.00e-01	1.00e-01	1.00e-01	1.00e-01	1.00e-01	1.00e-01	
kd106	1.00e-01	1.00e-01	1.00e-01	1.00e-01	1.00e-01	1.00e-01	1.00e-01	1.00e-01	1.00e-01	1.00e-01	1.00e-01	1.00e-01	1.00e-01	1.00e-01	1.00e-01	1.00e-01	1.00e-01	1.00e-01	1.00e-01	1.00e-01	
kd106b	1.00e-01	1.00e-01	1.00e-01	1.00e-01	1.00e-01	1.00e-01	1.00e-01	1.00e-01	1.00e-01	1.00e-01	1.00e-01	1.00e-01	1.00e-01	1.00e-01	1.00e-01	1.00e-01	1.00e-01	1.00e-01	1.00e-01	1.00e-01	
kd107	1.00e-01	1.00e-01	1.00e-01	1.00e-01	1.00e-01	1.00e-01	1.00e-01	1.00e-01	1.00e-01	1.00e-01	1.00e-01	1.00e-01	1.00e-01	1.00e-01	1.00e-01	1.00e-01	1.00e-01	1.00e-01	1.00e-01	1.00e-01	
kd108	5.00e+00	5.00e+00	5.00e+00	5.00e+00	5.00e+00	5.00e+00	5.00e+00	5.00e+00	5.00e+00	5.00e+00	5.00e+00	5.00e+00	5.00e+00	5.00e+00	5.00e+00	5.00e+00	5.00e+00	5.00e+00	5.00e+00	5.00e+00	
kd109	1.00e-01	1.00e-01	1.00e-01	1.00e-01	1.00e-01	1.00e-01	1.00e-01	1.00e-01	1.00e-01	1.00e-01	1.00e-01	1.00e-01	1.00e-01	1.00e-01	1.00e-01	1.00e-01	1.00e-01	1.00e-01	1.00e-01	1.00e-01	
kd110	1.00e-01	1.00e-01	1.00e-01	1.00e-01	1.00e-01	1.00e-01	1.00e-01	1.00e-01	1.00e-01	1.00e-01	1.00e-01	1.00e-01	1.00e-01	1.00e-01	1.00e-01	1.00e-01	1.00e-01	1.00e-01	1.00e-01	1.00e-01	
kd111	6.57e+00	6.57e+00	6.57e+00	6.57e+00	6.57e+00	6.57e+00	6.57e+00	6.57e+00	6.57e+00	6.57e+00	6.57e+00	6.57e+00	6.57e+00	6.57e+00	6.57e+00	6.57e+00	6.57e+00	6.57e+00	6.57e+00	6.57e+00	
kd112	1.00e-01	1.00e-01	1.00e-01	1.00e-01	1.00e-01	1.00e-01	1.00e-01	1.00e-01	1.00e-01	1.00e-01	1.00e-01	1.00e-01	1.00e-01	1.00e-01	1.00e-01	1.00e-01	1.00e-01	1.00e-01	1.00e-01	1.00e-01	
kd113	1.00e+02	3.16e+01	2.82e+02	1.00e+02	5.62e+00	3.16e+01	5.62e+00	1.00e+02	2.82e+01	1.00e+02	1.12e+01	1.00e+01	1.12e+02	2.82e+02	1.00e+02	2.82e+02	1.00e+02	5.01e+01	1.41e+02	3.16e+02	
kd114	1.00e-01	1.00e-01	1.00e-01	1.00e-01	1.00e-01	1.00e-01	1.00e-01	1.00e-01	1.00e-01	1.00e-01	1.00e-01	1.00e-01	1.00e-01	1.00e-01	1.00e-01	1.00e-01	1.00e-01	1.00e-01	1.00e-01	1.00e-01	
kd115	1.00e+00	1.00e+00	1.00e+00	1.00e+00	1.00e+00	1.00e+00	1.00e+00	1.00e+00	1.00e+00	1.00e+00	1.00e+00	1.00e+00	1.00e+00	1.00e+00	1.00e+00	1.00e+00	1.00e+00	1.00e+00	1.00e+00	1.00e+00	
kd116	0.00e+00	0.00e+00	0.00e+00	0.00e+00	0.00e+00	0.00e+00	0.00e+00	0.00e+00	0.00e+00	0.00e+00	0.00e+00	0.00e+00	0.00e+00	0.00e+00	0.00e+00	0.00e+00	0.00e+00	0.00e+00	0.00e+00	0.00e+00	
kd117	1.00e-01	1.00e-01	1.00e-01	1.00e-01	1.00e-01	1.00e-01	1.00e-01	1.00e-01	1.00e-01	1.00e-01	1.00e-01	1.00e-01	1.00e-01	1.00e-01	1.00e-01	1.00e-01	1.00e-01	1.00e-01	1.00e-01	1.00e-01	
kd118	3.00e-02	3.00e-02	3.00e-02	3.00e-02	3.00e-02	3.00e-02	3.00e-02	3.00e-02	3.00e-02	3.00e-02	3.00e-02	3.00e-02	3.00e-02	3.00e-02	3.00e-02	3.00e-02	3.00e-02	3.00e-02	3.00e-02	3.00e-02	
kd119	1.30e-02	7.30e-02	2.06e-02	7.30e-02	2.59e-02	2.31e-02	7.30e-02	7.30e-02	2.31e-02	4.11e-02	4.11e-02	7.30e-02	4.61e-02	2.31e-02	2.31e-02	4.11e-02	4.11e-01	2.31e-02	1.30e-02	7.30e-02	
kd120	1.00e-01	1.00e-01	1.00e-01	1.00e-01	1.00e-01	1.00e-01	1.00e-01	1.00e-01	1.00e-01	1.00e-01	1.00e-01	1.00e-01	1.00e-01	1.00e-01	1.00e-01	1.00e-01	1.00e-01	1.00e-01	1.00e-01	1.00e-01	
kd122	1.00e+00	1.00e+00	1.00e+00	1.00e+00	1.00e+00	1.00e+00	1.00e+00	1.00e+00	1.00e+00	1.00e+00	1.00e+00	1.00e+00	1.00e+00	1.00e+00	1.00e+00	1.00e+00	1.00e+00	1.00e+00	1.00e+00	1.00e+00	
kd123	5.62e-02	7.94e+00	3.55e+00	1.78e+00	3.16e+00	5.01e+00	3.16e-01	5.01e+00	3.16e+00	5.62e+00	1.12e+01	1.78e+01	5.62e+00	1.58e+00	1.00e+00	3.16e+00	6.31e+00	1.26e+00	3.16e+00	5.62e+00	
kd123h	1.00e-01	1.00e-01	1.00e-01	1.00e-01	1.00e-01	1.00e-01	1.00e-01	1.00e-01	1.00e-01	1.00e-01	1.00e-01	1.00e-01	1.00e-01	1.00e-01	1.00e-01	1.00e-01	1.00e-01	1.00e-01	1.00e-01	1.00e-01	
kd15	0.00e+00	0.00e+00	0.00e+00	0.00e+00	0.00e+00	0.00e+00	0.00e+00	0.00e+00	0.00e+00	0.00e+00	0.00e+00	0.00e+00	0.00e+00	0.00e+00	0.00e+00	0.00e+00	0.00e+00	0.00e+00	0.00e+00	0.00e+00	
kd17	9.51e+00	1.90e+00	3.01e+00	6.00e-01	6.00e-01	1.07e-01	1.07e-01	1.07e-01	9.51e-02	1.07e+00	1.90e-01	3.37e-02	5.35e-01	1.20e+00	9.51e-01	1.90e+00	9.51e+00	3.01e+00	6.00e-01	6.00e-01	
kd18	1.30e+00	1.30e+00	1.30e+00	1.30e+00	1.30e+00	1.30e+00	1.30e+00	1.30e+00	1.30e+00	1.30e+00	1.30e+00	1.30e+00	1.30e+00	1.30e+00	1.30e+00	1.30e+00	1.30e+00	1.30e+00	1.30e+00	1.30e+00	
kd19	5.00e-01	5.00e-01	5.00e-01	5.00e-01	5.00e-01	5.00e-01	5.00e-01	5.00e-01	5.00e-01	5.00e-01	5.00e-01	5.00e-01	5.00e-01	5.00e-01	5.00e-01	5.00e-01	5.00e-01	5.00e-01	5.00e-01	5.00e-01	
kd1c	1.00e+00	1.00e+00	1.00e+00	1.00e+00	1.00e+00	1.00e+00	1.00e+00	1.00e+00	1.00e+00	1.00e+00	1.00e+00	1.00e+00	1.00e+00	1.00e+00	1.00e+00	1.00e+00	1.00e+00	1.00e+00	1.00e+00	1.00e+00	
kd1d	1.00e-01	1.00e-01	1.00e-01	1.00e-01	1.00e-01	1.00e-01	1.00e-01	1.00e-01	1.00e-01	1.00e-01	1.00e-01	1.00e-01	1.00e-01	1.00e-01	1.00e-01	1.00e-01	1.00e-01	1.00e-01	1.00e-01	1.00e-01	
kd2	1.60e-01	1.60e-01	1.60e-01	1.60e-01	1.60e-01	1.60e-01	1.60e-01	1.60e-01	1.60e-01	1.60e-01	1.60e-01	1.60e-01	1.60e-01	1.60e-01	1.60e-01	1.60e-01	1.60e-01	1.60e-01	1.60e-01	1.60e-01	
kd20	4.00e-01	4.00e-01	4.00e-01	4.00e-01	4.00e-01	4.00e-01	4.00e-01	4.00e-01	4.00e-01	4.00e-01	4.00e-01	4.00e-01	4.00e-01	4.00e-01	4.00e-01	4.00e-01	4.00e-01	4.00e-01	4.00e-01	4.00e-01	
kd21	2.30e-01	2.30e-01	2.30e-01	2.30e-01	2.30e-01	2.30e-01	2.30e-01	2.30e-01	2.30e-01	2.30e-01	2.30e-01	2.30e-01	2.30e-01	2.30e-01	2.30e-01	2.30e-01	2.30e-01	2.30e-01	2.30e-01	2.30e-01	
kd22	1.00e-01	1.00e-01	1.00e-01	1.00e-01	1.00e-01	1.00e-01	1.00e-01	1.00e-01	1.00e-01	1.00e-01	1.00e-01	1.00e-01	1.00e-01	1.00e-01	1.00e-01	1.00e-01	1.00e-01	1.00e-01	1.00e-01	1.00e-01	
kd22b	1.00e-01	1.00e-01	1.00e-01	1.00e-01	1.00e-01	1.00e-01	1.00e-01	1.00e-01	1.00e-01	1.00e-01	1.00e-01	1.00e-01	1.00e-01	1.00e-01	1.00e-01	1.00e-01	1.00e-01	1.00e-01	1.00e-01	1.00e-01	
kd23	6.00e-02	6.00e-02	6.00e-02	6.00e-02	6.00e-02	6.00e-02	6.00e-02	6.00e-02	6.00e-02	6.00e-02	6.00e-02	6.00e-02	6.00e-02	6.00e-02	6.00e-02	6.00e-02	6.00e-02	6.00e-02	6.00e-02	6.00e-02	
kd24	5.50e-01	5.50e-01	5.50e-01	5.50e-01	5.50e-01	5.50e-01	5.50e-01	5.50e-01	5.50e-01	5.50e-01	5.50e-01	5.50e-01	5.50e-01	5.50e-01	5.50e-01	5.50e-01	5.50e-01	5.50e-01	5.50e-01	5.50e-01	
kd25	2.14e-02	2.14e-02	2.14e-02	2.14e-02	2.14e-02	2.14e-02	2.14e-02	2.14e-02	2.14e-02	2.14e-02	2.14e-02	2.14e-02	2.14e-02	2.14e-02	2.14e-02	2.14e-02	2.14e-02	2.14e-02	2.14e-02	2.14e-02	
kd28	5.30e-03	5.30e-03	5.30e-03	5.30e-03	5.30e-03	5.30e-03	5.30e-03	5.30e-03	5.30e-03	5.30e-03	5.30e-03	5.30e-03	5.30e-03	5.30e-03	5.30e-03	5.30e-03	5.30e-03	5.30e-03	5.30e-03	5.30e-03	
kd29	3.10e+00	3.10e+00	3.10e+00	3.10e+00	3.10e+00	3.10e+00	3.10e+00	3.10e+00	3.10e+00	3.10e+00	3.10e+00	3.10e+00	3.10e+00	3.10e+00	3.10e+00	3.10e+00	3.10e+00	3.10e+00	3.10e+00	3.10e+00	
kd2b	1.60e-02	1.60e-02	1.60e-02	1.60e-02	1.60e-02	1.60e-02	1.60e-02	1.60e-02	1.60e-02	1.60e-02	1.60e-02	1.60e-02	1.60e-02	1.60e-02	1.60e-02	1.60e-02	1.60e-02	1.60e-02	1.60e-02	1.60e-02	
kd32	1.00e-01	1.00e-01	1.00e-01	1.00e-01	1.00e-01	1.00e-01	1.00e-01	1.00e-01	1.00e-01	1.00e-01	1.00e-01	1.00e-01	1.00e-01	1.00e-01	1.00e-01	1.00e-01	1.00e-01	1.00e-01	1.00e-01	1.00e-01	
kd33	2.00e-01	2.00e-01	2.00e-01	2.00e-01	2.00e-01	2.00e-01	2.00e-01	2.00e-01	2.00e-01	2.00e-01	2.00e-01	2.00e-01	2.00e-01	2.00e-01	2.00e-01	2.00e-01	2.00e-01	2.00e-01	2.00e-01	2.00e-01	
kd34	3.00e-02	3.00e-02	3.00e-02	3.00e-02	3.00e-02	3.00e-02	3.00e-02	3.00e-02	3.00e-02	3.00e-02	3.00e-02	3.00e-02	3.00e-02	3.00e-02	3.00e-02	3.00e-02	3.00e-02	3.00e-02	3.00e-02	3.00e-02	
kd35	1.50e-03	1.50e-03	1.50e-03	1.50e-03	1.50e-03	1.50e-03	1.50e-03	1.50e-03	1.50e-03	1.50e-03	1.50e-03	1.50e-03	1.50e-03	1.50e-03	1.50e-03	1.50e-03	1.50e-03	1.50e-03	1.50e-03	1.50e-03	
kd36	0.00e+00	0.00e+00	0.00e+00	0.00e+00	0.00e+00	0.00e+00	0.00e+00	0.00e+00	0.00e+00	0.00e+00	0.00e+00	0.00e+00	0.00e+00	0.00e+00	0.00e+00	0.00e+00	0.00e+00	0.00e+00	0.00e+00	0.00e+00	
kd37	3.00e-01	3.00e-01	3.00e-01	3.00e-01	3.00e-01	3.00e-01	3.00e-01	3.00e-01	3.00e-01	3.00e-01	3.00e-01	3.00e-01	3.00e-01	3.00e-01	3.00e-01	3.00e-01	3.00e-01	3.00e-01	3.00e-01	3.00e-01	
kd4	1.66e-04	1.66e-04	1.66e-04	1.66e-04	1.66e-04	1.66e-04	1.66e-04	1.66e-04	1.66e-04	1.66e-04	1.66e-04	1.66e-04	1.66e-04	1.66e-04	1.66e-04	1.66e-04	1.66e-04	1.66e-04	1.66e-04	1.66e-04	
kd40	6.40e-02	6.40e-02	6.40e-02	6.40e-02	6.40e-02	6.40e-02	6.40e-02	6.40e-02	6.40e-02	6.40e-02	6.40e-02	6.40e-02	6.40e-02	6.40e-02	6.40e-02	6.40e-02	6.40e-02	6.40e-02	6.40e-02	6.40e-02	
kd41	4.29e-02	4.29e-02	4.29e-02	4.29e-02	4.29e-02	4.29e-02	4.29e-02	4.29e-02	4.29e-02	4.29e-02	4.29e-02	4.29e-02	4.29e-02	4.29e-02	4.29e-02	4.29e-02	4.29e-02	4.29e-02	4.29e-02	4.29e-02	
kd42	3.56e-01	1.12e-02	6.32e-01	1.12e+00	6.32e-01	1.78e-02	1.12e-02	1.12e-02	1.12e-01	6.32e-04	3.17e-02	3.56e-01	1.12e-01	2.00e+00	2.00e-01	3.56e-02	1.12e-02	1.78e+01	2.24e-01	2.24e-01	
kd43	1.78e-01	3.16e-01	1.00e+01	3.16e-01	2.82e-01	8.91e-01	5.62e+01	6.31e+00	6.31e+00	1.12e+01	1.00e+01	1.78e-01	3.55e+01	5.62e-01	1.26e+00	5.62e+00	6.31e+01	2.00e+00	1.00e+01	1.00e+00	
kd44	1.83e-02	1.83e-02	1.83e-02	1.83e-02	1.83e-02	1.83e-02	1.83e-02	1.83e-02	1.83e-02	1.83e-02	1.83e-02	1.83e-02	1.83e-02	1.83e-02	1.83e-02	1.83e-02	1.83e-02	1.83e-02	1.83e-02	1.83e-02	
kd45	1.90e+00	1.90e+00	1.90e+00	1.90e+00	1.90e+00	1.90e+00	1.90e+00	1.90e+00	1.90e+00	1.90e+00	1.90e+00	1.90e+00	1.90e+00	1.90e+00	1.90e+00	1.90e+00	1.90e+00	1.90e+00	1.90e+00	1.90e+00	
kd47	8.00e-01	8.00e-01	8.00e-01	8.00e-01	8.00e-01	8.00e-01	8.00e-01	8.00e-01	8.00e-01	8.00e-01	8.00e-01	8.00e-01	8.00e-01	8.00e-01	8.00e-01	8.00e-01	8.00e-01	8.00e-01	8.00e-01	8.00e-01	
kd48	1.40e-02	1.40e+00	1.40e+01	1.40e+00	4.44e+00	4.44e-01	2.50e+01	4.44e-01	7.90e+00	2.80e+00	2.50e+00	7.90e-01	1.40e+01	4.44e+00	8.86e-02	4.44e+00	2.50e-02	8.86e-02	7.90e-01	2.23e+00	
kd49	1.78e+00	6.32e-02	1.12e-01	1.12e-01	6.32e-02	3.55e-02	6.32e-01	6.32e-01	3.55e-01	1.12e+00	3.55e-01	1.12e-01	3.55e+00	6.32e-02	1.00e+00	6.32e+00	3.55e-01	6.32e-02	1.12e-01	2.24e+00	
kd5	8.08e-01	8.08e-01	8.08e-01	8.08e-01	8.08e-01	8.08e-01	8.08e-01	8.08e-01	8.08e-01	8.08e-01	8.08e-01	8.08e-01	8.08e-01	8.08e-01	8.08e-01	8.08e-01	8.08e-01	8.08e-01	8.08e-01	8.08e-01	
kd50	4.50e-02	7.13e-03	7.13e-02	4.50e-01	2.53e+00	4.50e+00	1.42e+00	2.53e-01	8.98e-03	8.00e+00	4.50e-02	6.35e-03	8.98e-03	2.84e-02	4.50e+00	5.05e+01	8.98e-01	4.50e+00	7.13e-01	7.13e-02	
kd52	3.30e-02	3.30e-02	3.30e-02	3.30e-02	3.30e-02	3.30e-02	3.30e-02	3.30e-02	3.30e-02	3.30e-02	3.30e-02	3.30e-02	3.30e-02	3.30e-02	3.30e-02	3.30e-02	3.30e-02	3.30e-02	3.30e-02	3.30e-02	
kd53	4.98e+02	7.03e-01	1.57e-01	7.89e-01	9.93e+00	4.98e+00	3.14e+02	8.85e+00	3.14e+02	6.27e+02	4.44e+02	2.80e+01	7.89e+02	7.89e+01	3.96e+01	2.80e+02	1.57e+00	7.03e+02	1.11e+02	1.57e+00	
kd55	7.87e+01	1.40e+00	1.40e+01	2.79e-01	4.43e+00	2.49e+00	6.25e+01	2.79e+00	1.40e+00	2.49e+01	7.02e+01	1.40e+00	2.49e+02	1.40e+00	3.13e-02	4.97e+00	1.40e-02	1.40e+00	4.43e+00	4.43e+00	
kd56	5.00e-01	5.00e-02	5.61e-01	5.00e+00	2.81e+00	2.81e-01	2.81e+00	1.58e+00	1.41e-01	1.58e-01	1.58e+00	1.41e-02	1.58e-01	1.58e+00	8.89e-01	8.89e-02	1.58e-01	4.46e-01	1.12e+00	5.00e-01	
kd57	7.60e-03	2.70e-01	2.40e-02	4.27e-02	4.27e-02	7.60e-01	1.35e-02	7.60e-03	2.40e-01	7.60e-03	2.40e-02	7.60e-03	7.60e-03	5.38e-01	1.35e-02	7.60e-03	7.60e-03	1.35e-02	2.14e+00	1.35e-02	
kd58	1.80e+00	6.37e+00	6.37e-03	2.85e-03	1.27e+00	1.60e-01	2.85e+02	1.43e+00	1.27e+02	2.54e-02	2.85e-01	9.00e-02	5.68e-01	2.26e+02	1.27e+02	1.43e+01	9.00e+00	9.00e+00	5.06e-02	1.27e+01	
kd5b	8.08e-03	8.08e-03	8.08e-03	8.08e-03	8.08e-03	8.08e-03	8.08e-03	8.08e-03	8.08e-03	8.08e-03	8.08e-03	8.08e-03	8.08e-03	8.08e-03	8.08e-03	8.08e-03	8.08e-03	8.08e-03	8.08e-03	8.08e-03	
kd6	5.00e-05	5.00e-05	5.00e-05	5.00e-05	5.00e-05	5.00e-05	5.00e-05	5.00e-05	5.00e-05	5.00e-05	5.00e-05	5.00e-05	5.00e-05	5.00e-05	5.00e-05	5.00e-05	5.00e-05	5.00e-05	5.00e-05	5.00e-05	
kd60	0.00e+00	0.00e+00	0.00e+00	0.00e+00	0.00e+00	0.00e+00	0.00e+00	0.00e+00	0.00e+00	0.00e+00	0.00e+00	0.00e+00	0.00e+00	0.00e+00	0.00e+00	0.00e+00	0.00e+00	0.00e+00	0.00e+00	0.00e+00	
kd60b	0.00e+00	0.00e+00	0.00e+00	0.00e+00	0.00e+00	0.00e+00	0.00e+00	0.00e+00	0.00e+00	0.00e+00	0.00e+00	0.00e+00	0.00e+00	0.00e+00	0.00e+00	0.00e+00	0.00e+00	0.00e+00	0.00e+00	0.00e+00	
kd61	0.00e+00	0.00e+00	0.00e+00	0.00e+00	0.00e+00	0.00e+00	0.00e+00	0.00e+00	0.00e+00	0.00e+00	0.00e+00	0.00e+00	0.00e+00	0.00e+00	0.00e+00	0.00e+00	0.00e+00	0.00e+00	0.00e+00	0.00e+00	
kd63	2.75e-01	2.75e-01	2.75e-01	2.75e-01	2.75e-01	2.75e-01	2.75e-01	2.75e-01	2.75e-01	2.75e-01	2.75e-01	2.75e-01	2.75e-01	2.75e-01	2.75e-01	2.75e-01	2.75e-01	2.75e-01	2.75e-01	2.75e-01	
kd64	3.00e-01	3.00e-01	3.00e-01	3.00e-01	3.00e-01	3.00e-01	3.00e-01	3.00e-01	3.00e-01	3.00e-01	3.00e-01	3.00e-01	3.00e-01	3.00e-01	3.00e-01	3.00e-01	3.00e-01	3.00e-01	3.00e-01	3.00e-01	
kd65	2.00e-01	2.00e-01	2.00e-01	2.00e-01	2.00e-01	2.00e-01	2.00e-01	2.00e-01	2.00e-01	2.00e-01	2.00e-01	2.00e-01	2.00e-01	2.00e-01	2.00e-01	2.00e-01	2.00e-01	2.00e-01	2.00e-01	2.00e-01	
kd66	2.00e-01	2.00e-01	2.00e-01	2.00e-01	2.00e-01	2.00e-01	2.00e-01	2.00e-01	2.00e-01	2.00e-01	2.00e-01	2.00e-01	2.00e-01	2.00e-01	2.00e-01	2.00e-01	2.00e-01	2.00e-01	2.00e-01	2.00e-01	
kd67	2.00e-02	2.00e-02	2.00e-02	2.00e-02	2.00e-02	2.00e-02	2.00e-02	2.00e-02	2.00e-02	2.00e-02	2.00e-02	2.00e-02	2.00e-02	2.00e-02	2.00e-02	2.00e-02	2.00e-02	2.00e-02	2.00e-02	2.00e-02	
kd68	2.00e-01	2.00e-01	2.00e-01	2.00e-01	2.00e-01	2.00e-01	2.00e-01	2.00e-01	2.00e-01	2.00e-01	2.00e-01	2.00e-01	2.00e-01	2.00e-01	2.00e-01	2.00e-01	2.00e-01	2.00e-01	2.00e-01	2.00e-01	
kd68b	2.05e+01	2.05e+01	2.05e+01	2.05e+01	2.05e+01	2.05e+01	2.05e+01	2.05e+01	2.05e+01	2.05e+01	2.05e+01	2.05e+01	2.05e+01	2.05e+01	2.05e+01	2.05e+01	2.05e+01	2.05e+01	2.05e+01	2.05e+01	
kd69	1.00e-01	1.00e-01	1.00e-01	1.00e-01	1.00e-01	1.00e-01	1.00e-01	1.00e-01	1.00e-01	1.00e-01	1.00e-01	1.00e-01	1.00e-01	1.00e-01	1.00e-01	1.00e-01	1.00e-01	1.00e-01	1.00e-01	1.00e-01	
kd6b	0.00e+00	0.00e+00	0.00e+00	0.00e+00	0.00e+00	0.00e+00	0.00e+00	0.00e+00	0.00e+00	0.00e+00	0.00e+00	0.00e+00	0.00e+00	0.00e+00	0.00e+00	0.00e+00	0.00e+00	0.00e+00	0.00e+00	0.00e+00	
kd7	1.38e-04	1.38e-04	1.38e-04	1.38e-04	1.38e-04	1.38e-04	1.38e-04	1.38e-04	1.38e-04	1.38e-04	1.38e-04	1.38e-04	1.38e-04	1.38e-04	1.38e-04	1.38e-04	1.38e-04	1.38e-04	1.38e-04	1.38e-04	
kd70	1.00e-01	1.00e-01	1.00e-01	1.00e-01	1.00e-01	1.00e-01	1.00e-01	1.00e-01	1.00e-01	1.00e-01	1.00e-01	1.00e-01	1.00e-01	1.00e-01	1.00e-01	1.00e-01	1.00e-01	1.00e-01	1.00e-01	1.00e-01	
kd71	2.52e+01	2.52e+01	2.52e+01	2.52e+01	2.52e+01	2.52e+01	2.52e+01	2.52e+01	2.52e+01	2.52e+01	2.52e+01	2.52e+01	2.52e+01	2.52e+01	2.52e+01	2.52e+01	2.52e+01	2.52e+01	2.52e+01	2.52e+01	
kd72	5.62e-01	1.00e+00	6.31e+01	1.78e+01	3.55e+01	6.31e+00	5.62e+01	1.78e+02	5.62e+01	6.31e-01	3.16e+01	1.58e+02	8.91e+01	7.94e+00	2.51e+02	5.62e+00	5.62e-01	1.58e+02	5.62e-01	3.16e+02	
kd73	5.00e-01	5.00e-01	5.00e-01	5.00e-01	5.00e-01	5.00e-01	5.00e-01	5.00e-01	5.00e-01	5.00e-01	5.00e-01	5.00e-01	5.00e-01	5.00e-01	5.00e-01	5.00e-01	5.00e-01	5.00e-01	5.00e-01	5.00e-01	
kd74	1.12e-02	6.32e-04	6.32e-03	2.00e-02	1.26e+00	7.10e-03	2.00e-02	3.99e-02	2.00e+00	1.78e+00	6.32e-02	3.56e-01	2.00e-01	6.32e+01	3.99e+00	2.00e+00	2.24e-01	1.12e+00	8.93e-02	1.12e-01	
kd75	1.26e-02	4.00e-02	1.26e-01	1.26e-02	2.25e-02	4.00e-02	2.25e-02	7.11e-02	7.11e-02	2.25e-02	2.25e-02	1.26e-02	2.25e-02	2.25e-01	1.26e-02	7.11e-02	1.26e-01	1.26e-02	2.25e-01	7.11e-02	
kd76	2.01e+02	1.60e+00	7.13e+01	1.42e+02	4.01e+01	4.50e+00	1.42e+01	2.25e+02	3.18e+01	3.18e+00	1.60e+02	8.00e+00	2.84e+00	4.01e+01	4.01e+01	8.00e+00	1.27e+02	2.01e+02	4.01e+00	1.42e+01	
kd8	2.00e-01	2.00e-01	2.00e-01	2.00e-01	2.00e-01	2.00e-01	2.00e-01	2.00e-01	2.00e-01	2.00e-01	2.00e-01	2.00e-01	2.00e-01	2.00e-01	2.00e-01	2.00e-01	2.00e-01	2.00e-01	2.00e-01	2.00e-01	
kd8b	2.00e-02	2.00e-02	2.00e-02	2.00e-02	2.00e-02	2.00e-02	2.00e-02	2.00e-02	2.00e-02	2.00e-02	2.00e-02	2.00e-02	2.00e-02	2.00e-02	2.00e-02	2.00e-02	2.00e-02	2.00e-02	2.00e-02	2.00e-02	
kd94	1.00e-02	1.00e-02	1.00e-02	1.00e-02	1.00e-02	1.00e-02	1.00e-02	1.00e-02	1.00e-02	1.00e-02	1.00e-02	1.00e-02	1.00e-02	1.00e-02	1.00e-02	1.00e-02	1.00e-02	1.00e-02	1.00e-02	1.00e-02	
kd95	3.30e+01	3.30e+01	3.30e+01	3.30e+01	3.30e+01	3.30e+01	3.30e+01	3.30e+01	3.30e+01	3.30e+01	3.30e+01	3.30e+01	3.30e+01	3.30e+01	3.30e+01	3.30e+01	3.30e+01	3.30e+01	3.30e+01	3.30e+01	
kd96	1.00e-01	1.00e-01	1.00e-01	1.00e-01	1.00e-01	1.00e-01	1.00e-01	1.00e-01	1.00e-01	1.00e-01	1.00e-01	1.00e-01	1.00e-01	1.00e-01	1.00e-01	1.00e-01	1.00e-01	1.00e-01	1.00e-01	1.00e-01	
kd97	1.50e-02	1.50e-02	1.50e-02	1.50e-02	1.50e-02	1.50e-02	1.50e-02	1.50e-02	1.50e-02	1.50e-02	1.50e-02	1.50e-02	1.50e-02	1.50e-02	1.50e-02	1.50e-02	1.50e-02	1.50e-02	1.50e-02	1.50e-02	
kd97c	1.00e-03	1.00e-03	1.00e-03	1.00e-03	1.00e-03	1.00e-03	1.00e-03	1.00e-03	1.00e-03	1.00e-03	1.00e-03	1.00e-03	1.00e-03	1.00e-03	1.00e-03	1.00e-03	1.00e-03	1.00e-03	1.00e-03	1.00e-03	
kd98	1.00e-03	1.00e-03	1.00e-03	1.00e-03	1.00e-03	1.00e-03	1.00e-03	1.00e-03	1.00e-03	1.00e-03	1.00e-03	1.00e-03	1.00e-03	1.00e-03	1.00e-03	1.00e-03	1.00e-03	1.00e-03	1.00e-03	1.00e-03	
kd99	5.00e-01	5.00e-01	5.00e-01	5.00e-01	5.00e-01	5.00e-01	5.00e-01	5.00e-01	5.00e-01	5.00e-01	5.00e-01	5.00e-01	5.00e-01	5.00e-01	5.00e-01	5.00e-01	5.00e-01	5.00e-01	5.00e-01	5.00e-01	
KDiressamt	3.00e-09	3.00e-09	3.00e-09	3.00e-09	3.00e-09	3.00e-09	3.00e-09	3.00e-09	3.00e-09	3.00e-09	3.00e-09	3.00e-09	3.00e-09	3.00e-09	3.00e-09	3.00e-09	3.00e-09	3.00e-09	3.00e-09	3.00e-09	
KDiressawt	3.50e-08	3.50e-08	3.50e-08	3.50e-08	3.50e-08	3.50e-08	3.50e-08	3.50e-08	3.50e-08	3.50e-08	3.50e-08	3.50e-08	3.50e-08	3.50e-08	3.50e-08	3.50e-08	3.50e-08	3.50e-08	3.50e-08	3.50e-08	
