Fit ID	189	412	2137	2177	2162	2041	376	2132	884	609	667	747	757	816	236	915	750	608	2055	270	
c1	5.00e-09	5.00e-09	5.00e-09	5.00e-09	5.00e-09	5.00e-09	5.00e-09	5.00e-09	5.00e-09	5.00e-09	5.00e-09	5.00e-09	5.00e-09	5.00e-09	5.00e-09	5.00e-09	5.00e-09	5.00e-09	5.00e-09	5.00e-09	
c105	1.20e+09	1.20e+09	1.20e+09	1.20e+09	1.20e+09	1.20e+09	1.20e+09	1.20e+09	1.20e+09	1.20e+09	1.20e+09	1.20e+09	1.20e+09	1.20e+09	1.20e+09	1.20e+09	1.20e+09	1.20e+09	1.20e+09	1.20e+09	
c107	9.05e+05	9.05e+05	9.05e+05	9.05e+05	9.05e+05	9.05e+05	9.05e+05	9.05e+05	9.05e+05	9.05e+05	9.05e+05	9.05e+05	9.05e+05	9.05e+05	9.05e+05	9.05e+05	9.05e+05	9.05e+05	9.05e+05	9.05e+05	
c109	1.20e+09	3.37e+08	7.55e+06	1.69e+08	1.69e+05	3.00e+08	1.34e+06	9.50e+06	1.20e+06	6.73e+05	2.39e+05	2.68e+05	3.37e+05	1.20e+05	1.20e+05	1.20e+05	1.69e+05	1.90e+05	2.39e+05	4.76e+05	
c113	4.50e+05	4.50e+05	8.00e+05	4.50e+05	1.42e+06	4.50e+05	4.50e+05	4.50e+05	4.50e+05	4.50e+05	4.50e+05	4.50e+05	4.50e+05	4.50e+05	4.50e+05	4.50e+05	4.50e+05	4.50e+05	4.50e+05	4.50e+05	
c12	2.01e+07	4.01e+05	5.66e+03	1.13e+08	8.00e+04	4.50e+03	2.53e+05	4.01e+07	7.13e+06	4.01e+05	2.53e+05	4.50e+06	2.53e+05	2.53e+05	6.35e+06	2.25e+08	1.01e+05	1.13e+06	2.53e+05	1.79e+08	
c14	7.55e+05	3.01e+06	1.07e+06	1.20e+08	1.07e+06	5.35e+05	1.69e+06	6.00e+05	2.13e+06	2.13e+06	6.73e+05	5.35e+06	2.68e+06	6.00e+06	2.39e+06	3.37e+06	9.51e+05	2.68e+06	1.07e+08	4.77e+06	
c140	4.44e+03	4.44e+03	4.44e+03	4.44e+03	4.44e+03	4.44e+03	4.44e+03	4.44e+03	4.44e+03	4.44e+03	4.44e+03	4.44e+03	4.44e+03	4.44e+03	4.44e+03	4.44e+03	4.44e+03	4.44e+03	4.44e+03	4.44e+03	
c141	1.62e+05	1.62e+05	1.62e+05	1.62e+05	1.62e+05	1.62e+05	1.62e+05	1.62e+05	1.62e+05	1.62e+05	1.62e+05	1.62e+05	1.62e+05	1.62e+05	1.62e+05	1.62e+05	1.62e+05	1.62e+05	1.62e+05	1.62e+05	
c143	7.40e+02	7.40e+02	7.40e+02	7.40e+02	7.40e+02	7.40e+02	7.40e+02	7.40e+02	7.40e+02	7.40e+02	7.40e+02	7.40e+02	7.40e+02	7.40e+02	7.40e+02	7.40e+02	7.40e+02	7.40e+02	7.40e+02	7.40e+02	
c22	1.26e+04	1.13e+06	2.25e+05	1.42e+05	2.00e+03	1.26e+03	7.98e+05	2.25e+03	8.95e+04	1.13e+03	4.00e+03	7.98e+02	1.13e+06	1.42e+04	2.52e+04	2.52e+04	7.11e+05	8.95e+02	6.34e+04	2.00e+06	
c26	5.81e+04	5.81e+04	5.81e+04	5.81e+04	3.27e+04	5.81e+04	3.27e+04	5.81e+04	5.81e+04	5.81e+04	5.81e+04	5.81e+04	5.81e+04	5.81e+04	5.81e+04	5.81e+04	5.81e+04	5.81e+04	5.81e+04	5.81e+04	
c279	2.23e+05	5.00e+04	1.41e+05	1.58e+05	2.81e+05	5.61e+04	1.26e+05	5.00e+06	4.46e+04	1.99e+04	5.00e+04	5.61e+04	6.29e+02	1.12e+05	8.89e+04	5.00e+04	3.54e+04	5.00e+03	1.58e+04	7.06e+04	
c280	1.24e+08	7.85e+07	5.56e+05	6.24e+07	4.96e+06	7.00e+04	3.94e+06	2.21e+04	7.00e+06	2.21e+07	4.96e+07	7.00e+06	3.94e+08	2.79e+07	2.21e+05	1.11e+07	4.42e+05	8.81e+04	7.85e+05	3.51e+07	
c287	2.24e+08	3.99e+07	1.12e+07	6.32e+08	6.32e+07	3.56e+07	7.10e+08	1.78e+08	7.10e+07	1.78e+06	1.78e+08	4.48e+09	1.26e+08	3.56e+07	3.17e+07	1.00e+08	7.10e+07	8.93e+07	2.00e+09	5.64e+08	
c30	1.12e+08	1.77e+06	1.58e+06	5.00e+07	4.46e+06	8.89e+07	3.97e+06	1.77e+06	9.98e+06	2.51e+08	7.92e+07	3.97e+06	2.23e+07	1.41e+07	1.12e+07	8.89e+06	3.54e+07	2.81e+07	1.41e+07	8.89e+06	
c31	1.10e+06	1.10e+06	1.10e+06	1.10e+06	1.10e+06	1.10e+06	1.10e+06	1.10e+06	1.10e+06	1.10e+06	1.10e+06	1.10e+06	1.10e+06	1.10e+06	1.10e+06	1.10e+06	1.10e+06	1.10e+06	1.10e+06	1.10e+06	
c41	5.65e+04	4.49e+05	4.00e+05	7.11e+04	4.00e+05	7.11e+04	2.00e+04	4.00e+04	4.49e+04	4.00e+04	2.52e+04	2.00e+04	1.00e+05	3.18e+04	2.25e+04	2.52e+04	1.00e+05	3.18e+04	3.56e+04	1.79e+06	
c426	1.89e+04	1.69e+05	1.69e+05	1.69e+04	1.69e+05	9.49e+04	2.38e+04	9.49e+03	3.78e+04	1.69e+05	1.89e+04	2.38e+04	3.00e+05	3.00e+05	1.69e+05	3.78e+05	3.00e+05	3.00e+05	8.46e+03	1.89e+04	
c44	5.00e+04	8.89e+04	5.00e+04	5.00e+04	5.00e+04	5.00e+04	5.00e+04	8.89e+04	5.00e+04	5.00e+04	8.89e+04	8.89e+04	5.00e+04	5.00e+04	5.00e+04	8.89e+04	7.06e+04	8.89e+04	5.00e+04	5.00e+04	
c444	7.00e+05	7.00e+05	1.24e+05	3.94e+05	3.94e+05	3.94e+05	7.00e+05	3.94e+05	7.00e+05	7.00e+05	5.56e+05	7.00e+05	3.94e+05	7.00e+05	7.00e+05	7.00e+05	7.00e+05	7.00e+05	3.94e+05	7.00e+05	
c461	1.76e+04	2.79e+04	1.40e+04	1.76e+03	7.00e+04	2.21e+03	5.56e+04	2.21e+02	1.11e+05	5.56e+04	7.00e+04	1.24e+05	1.24e+05	5.56e+04	3.94e+04	3.94e+04	3.94e+04	7.00e+04	2.21e+04	7.00e+04	
c463	2.51e+04	2.82e+04	1.78e+05	1.58e+03	1.12e+03	1.00e+06	1.78e+03	5.62e+03	1.12e+05	3.98e+04	2.82e+05	2.51e+03	6.31e+04	7.08e+04	2.82e+04	5.01e+05	5.01e+03	3.98e+04	1.78e+05	1.12e+04	
c47	3.02e+06	3.02e+06	3.02e+06	3.02e+06	3.02e+06	3.02e+06	3.02e+06	3.02e+06	3.02e+06	3.02e+06	3.02e+06	3.02e+06	3.02e+06	3.02e+06	3.02e+06	3.02e+06	3.02e+06	3.02e+06	3.02e+06	3.02e+06	
c53	7.00e+04	7.00e+04	3.94e+04	7.00e+04	7.00e+04	1.24e+05	7.00e+04	7.00e+04	3.94e+04	7.00e+04	7.00e+04	7.00e+04	1.24e+05	1.24e+05	7.00e+04	7.00e+04	7.00e+04	4.42e+04	7.00e+04	7.00e+04	
c531	7.00e+04	7.00e+04	7.00e+04	7.00e+04	7.00e+04	7.00e+04	7.00e+04	7.00e+04	7.00e+04	7.00e+04	7.00e+04	7.00e+04	7.00e+04	7.00e+04	7.00e+04	7.00e+04	7.00e+04	7.00e+04	7.00e+04	7.00e+04	
c55	6.95e+05	6.95e+05	6.95e+05	6.95e+05	6.95e+05	6.95e+05	6.95e+05	6.95e+05	6.95e+05	6.95e+05	6.95e+05	6.95e+05	6.95e+05	6.95e+05	6.95e+05	6.95e+05	6.95e+05	6.95e+05	6.95e+05	6.95e+05	
c60	3.00e+04	2.12e+04	5.33e+04	1.89e+04	5.33e+04	1.69e+04	5.33e+04	1.69e+04	3.00e+04	3.00e+04	3.00e+04	1.69e+04	3.00e+04	3.00e+04	3.00e+04	3.00e+04	3.00e+04	4.75e+04	5.33e+04	1.69e+04	
k1	0.00e+00	0.00e+00	0.00e+00	0.00e+00	0.00e+00	0.00e+00	0.00e+00	0.00e+00	0.00e+00	0.00e+00	0.00e+00	0.00e+00	0.00e+00	0.00e+00	0.00e+00	0.00e+00	0.00e+00	0.00e+00	0.00e+00	0.00e+00	
k100	1.00e+00	1.00e+00	1.00e+00	1.00e+00	1.00e+00	1.00e+00	1.00e+00	1.00e+00	1.00e+00	1.00e+00	1.00e+00	1.00e+00	1.00e+00	1.00e+00	1.00e+00	1.00e+00	1.00e+00	1.00e+00	1.00e+00	1.00e+00	
k101	8.33e-07	8.33e-07	8.33e-07	8.33e-07	8.33e-07	8.33e-07	8.33e-07	8.33e-07	8.33e-07	8.33e-07	8.33e-07	8.33e-07	8.33e-07	8.33e-07	8.33e-07	8.33e-07	8.33e-07	8.33e-07	8.33e-07	8.33e-07	
k102	5.00e-07	5.00e-07	5.00e-07	5.00e-07	5.00e-07	5.00e-07	5.00e-07	5.00e-07	5.00e-07	5.00e-07	5.00e-07	5.00e-07	5.00e-07	5.00e-07	5.00e-07	5.00e-07	5.00e-07	5.00e-07	5.00e-07	5.00e-07	
k103	4.19e-08	4.19e-08	9.39e-10	1.87e-10	1.67e-07	8.37e-09	1.87e-08	8.37e-08	2.10e-10	7.46e-08	1.67e-08	5.28e-08	1.18e-09	4.19e-09	1.33e-09	7.46e-11	5.93e-10	7.46e-11	8.37e-08	2.10e-08	
k104	0.00e+00	0.00e+00	0.00e+00	0.00e+00	0.00e+00	0.00e+00	0.00e+00	0.00e+00	0.00e+00	0.00e+00	0.00e+00	0.00e+00	0.00e+00	0.00e+00	0.00e+00	0.00e+00	0.00e+00	0.00e+00	0.00e+00	0.00e+00	
k105	6.67e-05	6.67e-05	6.67e-05	6.67e-05	6.67e-05	6.67e-05	6.67e-05	6.67e-05	6.67e-05	6.67e-05	6.67e-05	6.67e-05	6.67e-05	6.67e-05	6.67e-05	6.67e-05	6.67e-05	6.67e-05	6.67e-05	6.67e-05	
k106	8.39e-06	9.42e-06	7.48e-05	1.49e-05	1.19e-05	1.33e-05	1.33e-05	2.37e-05	1.33e-05	5.94e-04	1.06e-05	1.33e-05	2.37e-05	1.33e-05	2.11e-05	8.39e-06	7.48e-06	1.06e-05	1.49e-05	7.48e-06	
k106b	1.86e-06	2.63e-08	2.63e-08	2.63e-05	2.63e-08	2.63e-08	4.68e-04	8.33e-07	7.42e-06	3.72e-08	4.17e-06	2.96e-06	7.42e-06	2.96e-06	4.17e-06	1.05e-05	6.62e-06	8.33e-06	4.68e-05	2.35e-03	
k107	3.33e-05	3.33e-05	3.33e-05	3.33e-05	3.33e-05	3.33e-05	3.33e-05	3.33e-05	3.33e-05	3.33e-05	3.33e-05	3.33e-05	3.33e-05	3.33e-05	3.33e-05	3.33e-05	3.33e-05	3.33e-05	3.33e-05	3.33e-05	
k108	0.00e+00	0.00e+00	0.00e+00	0.00e+00	0.00e+00	0.00e+00	0.00e+00	0.00e+00	0.00e+00	0.00e+00	0.00e+00	0.00e+00	0.00e+00	0.00e+00	0.00e+00	0.00e+00	0.00e+00	0.00e+00	0.00e+00	0.00e+00	
k109	5.00e-06	5.00e-06	5.00e-06	5.00e-06	5.00e-06	5.00e-06	5.00e-06	5.00e-06	5.00e-06	5.00e-06	5.00e-06	5.00e-06	5.00e-06	5.00e-06	5.00e-06	5.00e-06	5.00e-06	5.00e-06	5.00e-06	5.00e-06	
k10b	5.43e-02	5.43e-02	5.43e-02	5.43e-02	5.43e-02	5.43e-02	5.43e-02	5.43e-02	5.43e-02	5.43e-02	5.43e-02	5.43e-02	5.43e-02	5.43e-02	5.43e-02	5.43e-02	5.43e-02	5.43e-02	5.43e-02	5.43e-02	
k110	3.33e-04	3.33e-04	3.33e-04	3.33e-04	3.33e-04	3.33e-04	3.33e-04	3.33e-04	3.33e-04	3.33e-04	3.33e-04	3.33e-04	3.33e-04	3.33e-04	3.33e-04	3.33e-04	3.33e-04	3.33e-04	3.33e-04	3.33e-04	
k111	0.00e+00	0.00e+00	0.00e+00	0.00e+00	0.00e+00	0.00e+00	0.00e+00	0.00e+00	0.00e+00	0.00e+00	0.00e+00	0.00e+00	0.00e+00	0.00e+00	0.00e+00	0.00e+00	0.00e+00	0.00e+00	0.00e+00	0.00e+00	
k112	3.74e-04	2.65e-03	2.65e-03	8.37e-05	2.97e-04	4.71e-03	1.05e-04	5.28e-03	8.37e-05	4.71e-03	5.28e-05	4.19e-04	4.19e-05	7.46e-05	2.65e-04	1.67e-05	3.74e-05	2.97e-05	2.97e-04	2.97e-05	
k113	0.00e+00	0.00e+00	0.00e+00	0.00e+00	0.00e+00	0.00e+00	0.00e+00	0.00e+00	0.00e+00	0.00e+00	0.00e+00	0.00e+00	0.00e+00	0.00e+00	0.00e+00	0.00e+00	0.00e+00	0.00e+00	0.00e+00	0.00e+00	
k114	2.23e-06	1.25e-05	2.81e-07	1.58e-05	4.99e-06	4.99e-06	1.99e-06	7.91e-06	5.60e-06	1.25e-06	6.28e-06	2.81e-06	1.12e-05	2.50e-06	3.53e-06	2.50e-05	1.77e-05	1.41e-05	8.87e-06	1.41e-05	
k115	0.00e+00	0.00e+00	0.00e+00	0.00e+00	0.00e+00	0.00e+00	0.00e+00	0.00e+00	0.00e+00	0.00e+00	0.00e+00	0.00e+00	0.00e+00	0.00e+00	0.00e+00	0.00e+00	0.00e+00	0.00e+00	0.00e+00	0.00e+00	
k116	2.12e-03	9.49e-03	1.06e-03	3.00e-03	8.46e-04	1.50e-02	3.78e-03	9.49e-03	1.89e-03	2.12e-03	1.69e-03	2.67e-03	5.99e-03	3.37e-03	3.37e-03	3.37e-03	2.38e-03	4.24e-03	3.00e-03	3.37e-03	
k117	8.33e-08	8.33e-08	8.33e-08	8.33e-08	8.33e-08	8.33e-08	8.33e-08	8.33e-08	8.33e-08	8.33e-08	8.33e-08	8.33e-08	8.33e-08	8.33e-08	8.33e-08	8.33e-08	8.33e-08	8.33e-08	8.33e-08	8.33e-08	
k118	0.00e+00	0.00e+00	0.00e+00	0.00e+00	0.00e+00	0.00e+00	0.00e+00	0.00e+00	0.00e+00	0.00e+00	0.00e+00	0.00e+00	0.00e+00	0.00e+00	0.00e+00	0.00e+00	0.00e+00	0.00e+00	0.00e+00	0.00e+00	
k119	1.00e+07	1.00e+07	1.00e+07	1.00e+07	1.00e+07	1.00e+07	1.00e+07	1.00e+07	1.00e+07	1.00e+07	1.00e+07	1.00e+07	1.00e+07	1.00e+07	1.00e+07	1.00e+07	1.00e+07	1.00e+07	1.00e+07	1.00e+07	
k120	1.18e-07	1.66e-08	2.35e-08	1.32e-07	2.35e-07	1.48e-08	2.63e-08	2.63e-07	1.32e-08	4.68e-09	2.96e-08	8.33e-08	1.18e-07	4.17e-08	1.66e-08	1.05e-08	9.35e-08	7.42e-09	8.33e-08	3.72e-08	
k120b	1.67e-10	7.46e-11	1.67e-08	1.49e-10	5.28e-10	5.93e-11	1.87e-11	1.67e-08	2.97e-11	6.65e-09	3.74e-11	5.28e-11	1.87e-11	5.28e-11	2.97e-11	2.36e-08	1.05e-10	2.97e-08	5.93e-10	2.36e-11	
k122	9.37e-08	1.49e-07	6.64e-08	2.35e-07	1.67e-08	1.87e-08	5.91e-07	5.91e-09	1.18e-07	1.18e-07	4.70e-08	4.70e-07	9.37e-08	4.70e-08	7.45e-09	1.67e-08	5.27e-08	3.33e-09	1.87e-07	6.64e-08	
k123	0.00e+00	0.00e+00	0.00e+00	0.00e+00	0.00e+00	0.00e+00	0.00e+00	0.00e+00	0.00e+00	0.00e+00	0.00e+00	0.00e+00	0.00e+00	0.00e+00	0.00e+00	0.00e+00	0.00e+00	0.00e+00	0.00e+00	0.00e+00	
k123h	0.00e+00	0.00e+00	0.00e+00	0.00e+00	0.00e+00	0.00e+00	0.00e+00	0.00e+00	0.00e+00	0.00e+00	0.00e+00	0.00e+00	0.00e+00	0.00e+00	0.00e+00	0.00e+00	0.00e+00	0.00e+00	0.00e+00	0.00e+00	
k15	1.67e-08	1.67e-08	1.67e-08	1.67e-08	1.67e-08	1.67e-08	1.67e-08	1.67e-08	1.67e-08	1.67e-08	1.67e-08	1.67e-08	1.67e-08	1.67e-08	1.67e-08	1.67e-08	1.67e-08	1.67e-08	1.67e-08	1.67e-08	
k16	1.67e-05	1.67e-05	1.67e-05	1.67e-05	1.67e-05	1.67e-05	1.67e-05	1.67e-05	1.67e-05	1.67e-05	1.67e-05	1.67e-05	1.67e-05	1.67e-05	1.67e-05	1.67e-05	1.67e-05	1.67e-05	1.67e-05	1.67e-05	
k17	1.67e-05	1.67e-05	1.67e-05	1.67e-05	1.67e-05	1.67e-05	1.67e-05	1.67e-05	1.67e-05	1.67e-05	1.67e-05	1.67e-05	1.67e-05	1.67e-05	1.67e-05	1.67e-05	1.67e-05	1.67e-05	1.67e-05	1.67e-05	
k18	2.50e-05	2.50e-05	2.50e-05	2.50e-05	2.50e-05	2.50e-05	2.50e-05	2.50e-05	2.50e-05	2.50e-05	2.50e-05	2.50e-05	2.50e-05	2.50e-05	2.50e-05	2.50e-05	2.50e-05	2.50e-05	2.50e-05	2.50e-05	
k19	1.67e-07	1.67e-07	1.67e-07	1.67e-07	1.67e-07	1.67e-07	1.67e-07	1.67e-07	1.67e-07	1.67e-07	1.67e-07	1.67e-07	1.67e-07	1.67e-07	1.67e-07	1.67e-07	1.67e-07	1.67e-07	1.67e-07	1.67e-07	
k1c	8.00e+02	8.00e+02	8.00e+02	8.00e+02	8.00e+02	8.00e+02	8.00e+02	8.00e+02	8.00e+02	8.00e+02	8.00e+02	8.00e+02	8.00e+02	8.00e+02	8.00e+02	8.00e+02	8.00e+02	8.00e+02	8.00e+02	8.00e+02	
k1d	5.18e+02	5.18e+02	5.18e+02	5.18e+02	5.18e+02	5.18e+02	5.18e+02	5.18e+02	5.18e+02	5.18e+02	5.18e+02	5.18e+02	5.18e+02	5.18e+02	5.18e+02	5.18e+02	5.18e+02	5.18e+02	5.18e+02	5.18e+02	
k2	1.49e-05	7.45e-06	5.27e-05	5.27e-08	9.37e-09	7.45e-06	1.05e-06	5.27e-07	7.45e-09	4.19e-06	1.87e-06	7.45e-07	6.64e-09	2.96e-07	5.27e-09	1.05e-08	1.32e-08	1.87e-08	2.64e-07	5.27e-09	
k20	7.84e-07	6.22e-07	6.22e-07	5.55e-07	3.12e-07	1.11e-05	2.48e-07	3.50e-07	1.24e-07	1.97e-06	1.56e-07	8.79e-07	5.55e-07	3.93e-07	4.41e-07	2.78e-07	6.98e-07	1.75e-07	6.98e-07	5.55e-08	
k21	3.67e-07	3.67e-07	3.67e-07	3.67e-07	3.67e-07	3.67e-07	3.67e-07	3.67e-07	3.67e-07	3.67e-07	3.67e-07	3.67e-07	3.67e-07	3.67e-07	3.67e-07	3.67e-07	3.67e-07	3.67e-07	3.67e-07	3.67e-07	
k22	1.39e-05	3.50e-06	6.98e-07	1.97e-05	1.11e-07	1.39e-07	6.98e-07	1.24e-06	2.78e-06	3.93e-07	4.94e-05	2.48e-07	1.11e-06	1.56e-06	3.93e-05	1.24e-07	2.78e-07	1.97e-05	3.50e-07	4.41e-06	
k23	6.00e+00	6.00e+00	6.00e+00	6.00e+00	6.00e+00	6.00e+00	6.00e+00	6.00e+00	6.00e+00	6.00e+00	6.00e+00	6.00e+00	6.00e+00	6.00e+00	6.00e+00	6.00e+00	6.00e+00	6.00e+00	6.00e+00	6.00e+00	
k25	1.67e-05	1.67e-05	1.67e-05	1.67e-05	1.67e-05	1.67e-05	1.67e-05	1.67e-05	1.67e-05	1.67e-05	1.67e-05	1.67e-05	1.67e-05	1.67e-05	1.67e-05	1.67e-05	1.67e-05	1.67e-05	1.67e-05	1.67e-05	
k28	5.00e-06	5.00e-06	5.00e-06	5.00e-06	5.00e-06	5.00e-06	5.00e-06	5.00e-06	5.00e-06	5.00e-06	5.00e-06	5.00e-06	5.00e-06	5.00e-06	5.00e-06	5.00e-06	5.00e-06	5.00e-06	5.00e-06	5.00e-06	
k29	1.17e-06	1.17e-06	1.17e-06	1.17e-06	1.17e-06	1.17e-06	1.17e-06	1.17e-06	1.17e-06	1.17e-06	1.17e-06	1.17e-06	1.17e-06	1.17e-06	1.17e-06	1.17e-06	1.17e-06	1.17e-06	1.17e-06	1.17e-06	
k2b	5.28e-07	1.18e-06	6.64e-07	1.87e-06	6.64e-07	3.74e-08	5.28e-07	1.87e-07	7.45e-07	1.87e-07	5.92e-07	1.33e-07	5.92e-07	2.65e-07	4.19e-08	7.45e-08	5.92e-07	1.87e-05	1.33e-07	1.18e-06	
k32	4.00e-07	4.00e-07	4.00e-07	4.00e-07	4.00e-07	4.00e-07	4.00e-07	4.00e-07	4.00e-07	4.00e-07	4.00e-07	4.00e-07	4.00e-07	4.00e-07	4.00e-07	4.00e-07	4.00e-07	4.00e-07	4.00e-07	4.00e-07	
k33	3.50e-05	3.50e-05	3.50e-05	3.50e-05	3.50e-05	3.50e-05	3.50e-05	3.50e-05	3.50e-05	3.50e-05	3.50e-05	3.50e-05	3.50e-05	3.50e-05	3.50e-05	3.50e-05	3.50e-05	3.50e-05	3.50e-05	3.50e-05	
k34	7.50e-06	7.50e-06	7.50e-06	7.50e-06	7.50e-06	7.50e-06	7.50e-06	7.50e-06	7.50e-06	7.50e-06	7.50e-06	7.50e-06	7.50e-06	7.50e-06	7.50e-06	7.50e-06	7.50e-06	7.50e-06	7.50e-06	7.50e-06	
k35	7.50e-06	7.50e-06	7.50e-06	7.50e-06	7.50e-06	7.50e-06	7.50e-06	7.50e-06	7.50e-06	7.50e-06	7.50e-06	7.50e-06	7.50e-06	7.50e-06	7.50e-06	7.50e-06	7.50e-06	7.50e-06	7.50e-06	7.50e-06	
k36	5.00e-03	5.00e-03	5.00e-03	5.00e-03	5.00e-03	5.00e-03	5.00e-03	5.00e-03	5.00e-03	5.00e-03	5.00e-03	5.00e-03	5.00e-03	5.00e-03	5.00e-03	5.00e-03	5.00e-03	5.00e-03	5.00e-03	5.00e-03	
k37	1.50e-06	1.50e-06	1.50e-06	1.50e-06	1.50e-06	1.50e-06	1.50e-06	1.50e-06	1.50e-06	1.50e-06	1.50e-06	1.50e-06	1.50e-06	1.50e-06	1.50e-06	1.50e-06	1.50e-06	1.50e-06	1.50e-06	1.50e-06	
k4	6.73e-06	6.73e-06	6.73e-06	6.73e-06	6.73e-06	6.73e-06	6.73e-06	6.73e-06	6.73e-06	6.73e-06	6.73e-06	6.73e-06	6.73e-06	6.73e-06	6.73e-06	6.73e-06	6.73e-06	6.73e-06	6.73e-06	6.73e-06	
k40	5.00e-05	5.00e-05	5.00e-05	5.00e-05	5.00e-05	5.00e-05	5.00e-05	5.00e-05	5.00e-05	5.00e-05	5.00e-05	5.00e-05	5.00e-05	5.00e-05	5.00e-05	5.00e-05	5.00e-05	5.00e-05	5.00e-05	5.00e-05	
k41	5.00e-05	5.00e-05	5.00e-05	5.00e-05	5.00e-05	5.00e-05	5.00e-05	5.00e-05	5.00e-05	5.00e-05	5.00e-05	5.00e-05	5.00e-05	5.00e-05	5.00e-05	5.00e-05	5.00e-05	5.00e-05	5.00e-05	5.00e-05	
k42	6.00e-05	6.00e-05	6.00e-05	6.00e-05	6.00e-05	6.00e-05	6.00e-05	6.00e-05	1.07e-04	6.00e-05	1.07e-04	6.00e-05	6.00e-05	6.00e-05	1.07e-04	6.00e-05	6.00e-05	6.00e-05	6.00e-05	6.00e-05	
k43	0.00e+00	0.00e+00	0.00e+00	0.00e+00	0.00e+00	0.00e+00	0.00e+00	0.00e+00	0.00e+00	0.00e+00	0.00e+00	0.00e+00	0.00e+00	0.00e+00	0.00e+00	0.00e+00	0.00e+00	0.00e+00	0.00e+00	0.00e+00	
k44	6.02e-06	1.07e-05	1.07e-05	1.07e-05	1.07e-05	1.07e-05	1.07e-05	1.07e-05	1.07e-05	1.07e-05	1.90e-05	1.07e-05	1.07e-05	1.07e-05	1.07e-05	1.07e-05	1.07e-05	1.07e-05	1.07e-05	6.02e-06	
k45	0.00e+00	0.00e+00	0.00e+00	0.00e+00	0.00e+00	0.00e+00	0.00e+00	0.00e+00	0.00e+00	0.00e+00	0.00e+00	0.00e+00	0.00e+00	0.00e+00	0.00e+00	0.00e+00	0.00e+00	0.00e+00	0.00e+00	0.00e+00	
k47	0.00e+00	0.00e+00	0.00e+00	0.00e+00	0.00e+00	0.00e+00	0.00e+00	0.00e+00	0.00e+00	0.00e+00	0.00e+00	0.00e+00	0.00e+00	0.00e+00	0.00e+00	0.00e+00	0.00e+00	0.00e+00	0.00e+00	0.00e+00	
k48	2.37e-05	6.68e-05	1.33e-04	2.37e-05	4.21e-05	2.37e-05	2.37e-05	2.37e-05	4.21e-05	2.37e-05	2.37e-05	2.37e-05	4.21e-05	4.21e-05	2.37e-05	3.35e-05	4.21e-05	2.37e-05	7.49e-05	2.37e-05	
k49	0.00e+00	0.00e+00	0.00e+00	0.00e+00	0.00e+00	0.00e+00	0.00e+00	0.00e+00	0.00e+00	0.00e+00	0.00e+00	0.00e+00	0.00e+00	0.00e+00	0.00e+00	0.00e+00	0.00e+00	0.00e+00	0.00e+00	0.00e+00	
k4b	0.00e+00	0.00e+00	0.00e+00	0.00e+00	0.00e+00	0.00e+00	0.00e+00	0.00e+00	0.00e+00	0.00e+00	0.00e+00	0.00e+00	0.00e+00	0.00e+00	0.00e+00	0.00e+00	0.00e+00	0.00e+00	0.00e+00	0.00e+00	
k5	0.00e+00	0.00e+00	0.00e+00	0.00e+00	0.00e+00	0.00e+00	0.00e+00	0.00e+00	0.00e+00	0.00e+00	0.00e+00	0.00e+00	0.00e+00	0.00e+00	0.00e+00	0.00e+00	0.00e+00	0.00e+00	0.00e+00	0.00e+00	
k50	1.34e-06	2.67e-07	4.23e-08	1.06e-08	9.47e-07	4.75e-08	1.06e-06	3.00e-07	2.38e-06	3.36e-05	1.68e-06	1.68e-06	1.68e-06	5.33e-07	3.36e-06	1.34e-06	2.38e-06	1.89e-06	1.06e-05	1.68e-06	
k52	8.85e-06	2.80e-05	1.57e-05	8.85e-06	8.85e-06	8.85e-06	1.57e-05	1.57e-05	1.57e-05	8.85e-06	1.57e-05	1.57e-05	1.57e-05	1.25e-05	2.80e-05	1.57e-05	1.57e-05	1.57e-05	1.57e-05	2.80e-05	
k53	0.00e+00	0.00e+00	0.00e+00	0.00e+00	0.00e+00	0.00e+00	0.00e+00	0.00e+00	0.00e+00	0.00e+00	0.00e+00	0.00e+00	0.00e+00	0.00e+00	0.00e+00	0.00e+00	0.00e+00	0.00e+00	0.00e+00	0.00e+00	
k55	0.00e+00	0.00e+00	0.00e+00	0.00e+00	0.00e+00	0.00e+00	0.00e+00	0.00e+00	0.00e+00	0.00e+00	0.00e+00	0.00e+00	0.00e+00	0.00e+00	0.00e+00	0.00e+00	0.00e+00	0.00e+00	0.00e+00	0.00e+00	
k56	9.98e-06	1.26e-05	2.51e-06	1.41e-06	5.00e-06	3.97e-04	1.41e-05	2.51e-05	8.90e-06	7.93e-06	1.41e-05	1.12e-05	9.98e-06	3.97e-06	1.12e-05	1.41e-05	7.93e-06	1.12e-05	7.93e-06	1.41e-05	
k57	0.00e+00	0.00e+00	0.00e+00	0.00e+00	0.00e+00	0.00e+00	0.00e+00	0.00e+00	0.00e+00	0.00e+00	0.00e+00	0.00e+00	0.00e+00	0.00e+00	0.00e+00	0.00e+00	0.00e+00	0.00e+00	0.00e+00	0.00e+00	
k58	8.33e-07	8.33e-07	8.33e-07	8.33e-07	8.33e-07	8.33e-07	8.33e-07	8.33e-07	8.33e-07	8.33e-07	8.33e-07	8.33e-07	8.33e-07	8.33e-07	8.33e-07	8.33e-07	8.33e-07	8.33e-07	8.33e-07	8.33e-07	
k5b	0.00e+00	0.00e+00	0.00e+00	0.00e+00	0.00e+00	0.00e+00	0.00e+00	0.00e+00	0.00e+00	0.00e+00	0.00e+00	0.00e+00	0.00e+00	0.00e+00	0.00e+00	0.00e+00	0.00e+00	0.00e+00	0.00e+00	0.00e+00	
k6	7.31e-03	3.27e-03	5.18e-03	1.16e-02	2.59e-03	1.30e-02	3.27e-03	1.30e-02	3.27e-03	5.18e-03	5.81e-03	4.61e-03	1.46e-03	1.30e-03	3.66e-03	5.18e-03	2.31e-03	6.52e-03	7.31e-03	5.18e-03	
k60	5.32e-03	6.70e-03	3.77e-02	7.52e-02	6.70e-01	2.67e-03	2.38e-02	4.23e-03	9.46e-03	4.74e-03	4.74e-03	1.19e-02	8.44e-03	7.52e-03	9.46e-03	2.67e-03	8.44e-02	1.50e-02	2.12e-02	4.74e-03	
k60b	5.93e-04	2.97e-06	6.66e-06	2.36e-05	2.65e-06	4.71e-02	2.36e-05	2.36e-06	1.33e-06	1.49e-06	9.40e-06	1.18e-02	2.36e-06	4.71e-06	1.49e-06	3.74e-05	2.65e-05	2.36e-06	2.10e-06	1.88e-06	
k60c	5.20e-04	5.20e-04	5.20e-04	5.20e-04	5.20e-04	5.20e-04	5.20e-04	5.20e-04	5.20e-04	5.20e-04	5.20e-04	5.20e-04	5.20e-04	5.20e-04	5.20e-04	5.20e-04	5.20e-04	5.20e-04	5.20e-04	5.20e-04	
k61	5.70e-04	5.70e-04	5.70e-04	5.70e-04	5.70e-04	5.70e-04	5.70e-04	5.70e-04	5.70e-04	5.70e-04	5.70e-04	5.70e-04	5.70e-04	5.70e-04	5.70e-04	5.70e-04	5.70e-04	5.70e-04	5.70e-04	5.70e-04	
k62b	4.16e-04	4.16e-04	4.16e-04	4.16e-04	4.16e-04	4.16e-04	4.16e-04	4.16e-04	4.16e-04	4.16e-04	4.16e-04	4.16e-04	4.16e-04	4.16e-04	4.16e-04	4.16e-04	4.16e-04	4.16e-04	4.16e-04	4.16e-04	
k64	1.67e-05	1.67e-05	1.67e-05	1.67e-05	1.67e-05	1.67e-05	1.67e-05	1.67e-05	1.67e-05	1.67e-05	1.67e-05	1.67e-05	1.67e-05	1.67e-05	1.67e-05	1.67e-05	1.67e-05	1.67e-05	1.67e-05	1.67e-05	
k65	0.00e+00	0.00e+00	0.00e+00	0.00e+00	0.00e+00	0.00e+00	0.00e+00	0.00e+00	0.00e+00	0.00e+00	0.00e+00	0.00e+00	0.00e+00	0.00e+00	0.00e+00	0.00e+00	0.00e+00	0.00e+00	0.00e+00	0.00e+00	
k66	1.50e-05	1.50e-05	1.50e-05	1.50e-05	1.50e-05	1.50e-05	1.50e-05	1.50e-05	1.50e-05	1.50e-05	1.50e-05	1.50e-05	1.50e-05	1.50e-05	1.50e-05	1.50e-05	1.50e-05	1.50e-05	1.50e-05	1.50e-05	
k67	5.00e-05	5.00e-05	5.00e-05	5.00e-05	5.00e-05	5.00e-05	5.00e-05	5.00e-05	5.00e-05	5.00e-05	5.00e-05	5.00e-05	5.00e-05	5.00e-05	5.00e-05	5.00e-05	5.00e-05	5.00e-05	5.00e-05	5.00e-05	
k68	0.00e+00	0.00e+00	0.00e+00	0.00e+00	0.00e+00	0.00e+00	0.00e+00	0.00e+00	0.00e+00	0.00e+00	0.00e+00	0.00e+00	0.00e+00	0.00e+00	0.00e+00	0.00e+00	0.00e+00	0.00e+00	0.00e+00	0.00e+00	
k69	5.92e-05	3.33e-05	2.97e-04	3.33e-05	3.33e-05	3.33e-05	3.33e-05	5.92e-03	3.33e-05	6.64e-05	3.33e-05	3.33e-05	3.33e-05	3.33e-05	3.33e-05	3.33e-05	1.87e-05	3.33e-05	5.92e-06	3.33e-05	
k6b	0.00e+00	0.00e+00	0.00e+00	0.00e+00	0.00e+00	0.00e+00	0.00e+00	0.00e+00	0.00e+00	0.00e+00	0.00e+00	0.00e+00	0.00e+00	0.00e+00	0.00e+00	0.00e+00	0.00e+00	0.00e+00	0.00e+00	0.00e+00	
k7	5.00e-05	5.00e-05	5.00e-05	5.00e-05	5.00e-05	5.00e-05	5.00e-05	5.00e-05	5.00e-05	5.00e-05	5.00e-05	5.00e-05	5.00e-05	5.00e-05	5.00e-05	5.00e-05	5.00e-05	5.00e-05	5.00e-05	5.00e-05	
k70	1.68e-04	1.19e-03	1.68e-05	2.37e-05	2.37e-06	6.67e-07	6.67e-05	2.11e-06	2.37e-04	8.40e-05	5.94e-05	4.21e-06	4.21e-06	9.42e-04	2.11e-04	1.06e-02	1.68e-04	1.33e-02	1.88e-05	4.72e-06	
k71	0.00e+00	0.00e+00	0.00e+00	0.00e+00	0.00e+00	0.00e+00	0.00e+00	0.00e+00	0.00e+00	0.00e+00	0.00e+00	0.00e+00	0.00e+00	0.00e+00	0.00e+00	0.00e+00	0.00e+00	0.00e+00	0.00e+00	0.00e+00	
k72	0.00e+00	0.00e+00	0.00e+00	0.00e+00	0.00e+00	0.00e+00	0.00e+00	0.00e+00	0.00e+00	0.00e+00	0.00e+00	0.00e+00	0.00e+00	0.00e+00	0.00e+00	0.00e+00	0.00e+00	0.00e+00	0.00e+00	0.00e+00	
k73	6.67e-04	1.06e-03	1.33e-04	2.37e-03	4.21e-08	3.75e-03	2.11e-03	2.37e-07	8.39e-04	2.65e-03	9.42e-04	1.67e-03	7.48e-05	5.94e-04	3.34e-07	1.33e-04	3.34e-04	2.65e-04	1.19e-07	8.39e-04	
k74	4.01e-06	1.42e-05	2.84e-06	2.01e-07	3.19e-05	6.36e-07	1.13e-06	3.19e-03	5.05e-06	1.79e-05	1.79e-05	1.27e-06	2.53e-04	4.01e-06	1.79e-05	2.01e-05	3.19e-06	1.27e-04	1.79e-04	1.27e-05	
k75	0.00e+00	0.00e+00	0.00e+00	0.00e+00	0.00e+00	0.00e+00	0.00e+00	0.00e+00	0.00e+00	0.00e+00	0.00e+00	0.00e+00	0.00e+00	0.00e+00	0.00e+00	0.00e+00	0.00e+00	0.00e+00	0.00e+00	0.00e+00	
k76	0.00e+00	0.00e+00	0.00e+00	0.00e+00	0.00e+00	0.00e+00	0.00e+00	0.00e+00	0.00e+00	0.00e+00	0.00e+00	0.00e+00	0.00e+00	0.00e+00	0.00e+00	0.00e+00	0.00e+00	0.00e+00	0.00e+00	0.00e+00	
k8	7.45e-07	1.67e-06	8.35e-08	5.27e-07	5.27e-07	5.91e-07	1.32e-06	2.96e-05	6.64e-07	4.70e-07	9.37e-07	1.05e-07	2.35e-06	1.05e-06	1.67e-06	2.10e-06	3.73e-06	4.19e-07	5.27e-05	2.10e-06	
k8b	5.90e-04	8.33e-04	5.26e-05	1.48e-07	2.96e-04	9.35e-06	3.32e-05	8.33e-08	5.90e-05	6.62e-04	3.32e-06	5.26e-07	1.32e-05	7.42e-04	9.35e-06	1.66e-05	1.05e-05	2.09e-04	4.68e-07	3.72e-05	
k94	5.00e-05	5.00e-05	5.00e-05	5.00e-05	5.00e-05	5.00e-05	5.00e-05	5.00e-05	5.00e-05	5.00e-05	5.00e-05	5.00e-05	5.00e-05	5.00e-05	5.00e-05	5.00e-05	5.00e-05	5.00e-05	5.00e-05	5.00e-05	
k94b	5.00e-05	5.00e-05	5.00e-05	5.00e-05	5.00e-05	5.00e-05	5.00e-05	5.00e-05	5.00e-05	5.00e-05	5.00e-05	5.00e-05	5.00e-05	5.00e-05	5.00e-05	5.00e-05	5.00e-05	5.00e-05	5.00e-05	5.00e-05	
k95	0.00e+00	0.00e+00	0.00e+00	0.00e+00	0.00e+00	0.00e+00	0.00e+00	0.00e+00	0.00e+00	0.00e+00	0.00e+00	0.00e+00	0.00e+00	0.00e+00	0.00e+00	0.00e+00	0.00e+00	0.00e+00	0.00e+00	0.00e+00	
k96	1.67e-06	1.67e-06	1.67e-06	1.67e-06	1.67e-06	1.67e-06	1.67e-06	1.67e-06	1.67e-06	1.67e-06	1.67e-06	1.67e-06	1.67e-06	1.67e-06	1.67e-06	1.67e-06	1.67e-06	1.67e-06	1.67e-06	1.67e-06	
k97	1.00e+06	1.00e+06	1.00e+06	1.00e+06	1.00e+06	1.00e+06	1.00e+06	1.00e+06	1.00e+06	1.00e+06	1.00e+06	1.00e+06	1.00e+06	1.00e+06	1.00e+06	1.00e+06	1.00e+06	1.00e+06	1.00e+06	1.00e+06	
k97c	1.00e+06	1.00e+06	1.00e+06	1.00e+06	1.00e+06	1.00e+06	1.00e+06	1.00e+06	1.00e+06	1.00e+06	1.00e+06	1.00e+06	1.00e+06	1.00e+06	1.00e+06	1.00e+06	1.00e+06	1.00e+06	1.00e+06	1.00e+06	
k98	3.33e+04	3.33e+04	3.33e+04	3.33e+04	3.33e+04	3.33e+04	3.33e+04	3.33e+04	3.33e+04	3.33e+04	3.33e+04	3.33e+04	3.33e+04	3.33e+04	3.33e+04	3.33e+04	3.33e+04	3.33e+04	3.33e+04	3.33e+04	
k99	4.42e+00	4.42e+00	4.42e+00	4.42e+00	4.42e+00	4.42e+00	4.42e+00	4.42e+00	4.42e+00	4.42e+00	4.42e+00	4.42e+00	4.42e+00	4.42e+00	4.42e+00	4.42e+00	4.42e+00	4.42e+00	4.42e+00	4.42e+00	
kd1	3.30e-02	3.30e-02	3.30e-02	3.30e-02	3.30e-02	3.30e-02	3.30e-02	3.30e-02	3.30e-02	3.30e-02	3.30e-02	3.30e-02	3.30e-02	3.30e-02	3.30e-02	3.30e-02	3.30e-02	3.30e-02	3.30e-02	3.30e-02	
kd10	1.10e-02	1.10e-02	1.10e-02	1.10e-02	1.10e-02	1.10e-02	1.10e-02	1.10e-02	1.10e-02	1.10e-02	1.10e-02	1.10e-02	1.10e-02	1.10e-02	1.10e-02	1.10e-02	1.10e-02	1.10e-02	1.10e-02	1.10e-02	
kd100	1.00e-03	1.00e-03	1.00e-03	1.00e-03	1.00e-03	1.00e-03	1.00e-03	1.00e-03	1.00e-03	1.00e-03	1.00e-03	1.00e-03	1.00e-03	1.00e-03	1.00e-03	1.00e-03	1.00e-03	1.00e-03	1.00e-03	1.00e-03	
kd101	6.72e-02	9.49e-04	2.12e-03	1.69e-03	3.37e-03	3.00e-02	9.49e-04	5.33e-03	1.89e-02	2.38e-02	1.19e-01	3.37e-03	7.54e-03	1.19e-03	2.12e-02	1.06e-03	1.19e-03	1.19e-03	1.89e-03	5.33e-02	
kd102	2.81e+01	2.81e+00	9.98e-02	1.58e+00	2.81e-01	5.61e+00	2.51e+01	1.58e+02	7.06e+00	4.46e-01	3.15e+01	1.77e+01	1.41e+00	3.15e+00	8.89e-01	3.97e+00	1.58e+00	8.89e-01	9.98e-02	2.81e+01	
kd103	1.60e-02	1.60e-02	1.60e-02	1.60e-02	1.60e-02	1.60e-02	1.60e-02	1.60e-02	1.60e-02	1.60e-02	1.60e-02	1.60e-02	1.60e-02	1.60e-02	1.60e-02	1.60e-02	1.60e-02	1.60e-02	1.60e-02	1.60e-02	
kd104	2.00e-01	2.00e-01	2.00e-01	2.00e-01	2.00e-01	2.00e-01	2.00e-01	2.00e-01	2.00e-01	2.00e-01	2.00e-01	2.00e-01	2.00e-01	2.00e-01	2.00e-01	2.00e-01	2.00e-01	2.00e-01	2.00e-01	2.00e-01	
kd105	1.00e-01	1.00e-01	1.00e-01	1.00e-01	1.00e-01	1.00e-01	1.00e-01	1.00e-01	1.00e-01	1.00e-01	1.00e-01	1.00e-01	1.00e-01	1.00e-01	1.00e-01	1.00e-01	1.00e-01	1.00e-01	1.00e-01	1.00e-01	
kd106	1.00e-01	1.00e-01	1.00e-01	1.00e-01	1.00e-01	1.00e-01	1.00e-01	1.00e-01	1.00e-01	1.00e-01	1.00e-01	1.00e-01	1.00e-01	1.00e-01	1.00e-01	1.00e-01	1.00e-01	1.00e-01	1.00e-01	1.00e-01	
kd106b	1.00e-01	1.00e-01	1.00e-01	1.00e-01	1.00e-01	1.00e-01	1.00e-01	1.00e-01	1.00e-01	1.00e-01	1.00e-01	1.00e-01	1.00e-01	1.00e-01	1.00e-01	1.00e-01	1.00e-01	1.00e-01	1.00e-01	1.00e-01	
kd107	1.00e-01	1.00e-01	1.00e-01	1.00e-01	1.00e-01	1.00e-01	1.00e-01	1.00e-01	1.00e-01	1.00e-01	1.00e-01	1.00e-01	1.00e-01	1.00e-01	1.00e-01	1.00e-01	1.00e-01	1.00e-01	1.00e-01	1.00e-01	
kd108	5.00e+00	5.00e+00	5.00e+00	5.00e+00	5.00e+00	5.00e+00	5.00e+00	5.00e+00	5.00e+00	5.00e+00	5.00e+00	5.00e+00	5.00e+00	5.00e+00	5.00e+00	5.00e+00	5.00e+00	5.00e+00	5.00e+00	5.00e+00	
kd109	1.00e-01	1.00e-01	1.00e-01	1.00e-01	1.00e-01	1.00e-01	1.00e-01	1.00e-01	1.00e-01	1.00e-01	1.00e-01	1.00e-01	1.00e-01	1.00e-01	1.00e-01	1.00e-01	1.00e-01	1.00e-01	1.00e-01	1.00e-01	
kd110	1.00e-01	1.00e-01	1.00e-01	1.00e-01	1.00e-01	1.00e-01	1.00e-01	1.00e-01	1.00e-01	1.00e-01	1.00e-01	1.00e-01	1.00e-01	1.00e-01	1.00e-01	1.00e-01	1.00e-01	1.00e-01	1.00e-01	1.00e-01	
kd111	6.57e+00	6.57e+00	6.57e+00	6.57e+00	6.57e+00	6.57e+00	6.57e+00	6.57e+00	6.57e+00	6.57e+00	6.57e+00	6.57e+00	6.57e+00	6.57e+00	6.57e+00	6.57e+00	6.57e+00	6.57e+00	6.57e+00	6.57e+00	
kd112	1.00e-01	1.00e-01	1.00e-01	1.00e-01	1.00e-01	1.00e-01	1.00e-01	1.00e-01	1.00e-01	1.00e-01	1.00e-01	1.00e-01	1.00e-01	1.00e-01	1.00e-01	1.00e-01	1.00e-01	1.00e-01	1.00e-01	1.00e-01	
kd113	2.82e+02	2.51e+02	1.58e+02	7.94e+01	5.62e+01	1.78e+02	2.24e+02	1.12e+02	3.16e+02	1.12e+02	2.51e+02	3.16e+02	2.00e+02	5.62e+01	2.24e+01	2.82e+02	1.41e+02	3.16e+02	3.16e+02	2.24e+02	
kd114	1.00e-01	1.00e-01	1.00e-01	1.00e-01	1.00e-01	1.00e-01	1.00e-01	1.00e-01	1.00e-01	1.00e-01	1.00e-01	1.00e-01	1.00e-01	1.00e-01	1.00e-01	1.00e-01	1.00e-01	1.00e-01	1.00e-01	1.00e-01	
kd115	1.00e+00	1.00e+00	1.00e+00	1.00e+00	1.00e+00	1.00e+00	1.00e+00	1.00e+00	1.00e+00	1.00e+00	1.00e+00	1.00e+00	1.00e+00	1.00e+00	1.00e+00	1.00e+00	1.00e+00	1.00e+00	1.00e+00	1.00e+00	
kd116	0.00e+00	0.00e+00	0.00e+00	0.00e+00	0.00e+00	0.00e+00	0.00e+00	0.00e+00	0.00e+00	0.00e+00	0.00e+00	0.00e+00	0.00e+00	0.00e+00	0.00e+00	0.00e+00	0.00e+00	0.00e+00	0.00e+00	0.00e+00	
kd117	1.00e-01	1.00e-01	1.00e-01	1.00e-01	1.00e-01	1.00e-01	1.00e-01	1.00e-01	1.00e-01	1.00e-01	1.00e-01	1.00e-01	1.00e-01	1.00e-01	1.00e-01	1.00e-01	1.00e-01	1.00e-01	1.00e-01	1.00e-01	
kd118	3.00e-02	3.00e-02	3.00e-02	3.00e-02	3.00e-02	3.00e-02	3.00e-02	3.00e-02	3.00e-02	3.00e-02	3.00e-02	3.00e-02	3.00e-02	3.00e-02	3.00e-02	3.00e-02	3.00e-02	3.00e-02	3.00e-02	3.00e-02	
kd119	1.16e-01	4.11e-02	7.30e-01	3.66e-01	1.83e-02	1.16e-01	4.11e-02	2.06e-02	4.11e-02	5.17e-02	5.17e-02	4.61e-02	2.31e-02	5.17e-02	2.91e-04	2.31e-04	5.17e-03	2.31e-04	1.03e-03	3.66e-02	
kd120	1.00e-01	1.00e-01	1.00e-01	1.00e-01	1.00e-01	1.00e-01	1.00e-01	1.00e-01	1.00e-01	1.00e-01	1.00e-01	1.00e-01	1.00e-01	1.00e-01	1.00e-01	1.00e-01	1.00e-01	1.00e-01	1.00e-01	1.00e-01	
kd122	1.00e+00	1.00e+00	1.00e+00	1.00e+00	1.00e+00	1.00e+00	1.00e+00	1.00e+00	1.00e+00	1.00e+00	1.00e+00	1.00e+00	1.00e+00	1.00e+00	1.00e+00	1.00e+00	1.00e+00	1.00e+00	1.00e+00	1.00e+00	
kd123	7.94e-01	1.41e+00	7.08e-02	8.91e-01	2.51e+01	1.78e+01	1.00e-01	5.62e-02	1.00e+00	1.78e+00	1.00e+00	5.01e-01	4.47e-01	2.00e+00	1.26e-01	1.12e+01	1.12e-01	3.16e+00	2.82e-01	1.12e+01	
kd123h	1.00e-01	1.00e-01	1.00e-01	1.00e-01	1.00e-01	1.00e-01	1.00e-01	1.00e-01	1.00e-01	1.00e-01	1.00e-01	1.00e-01	1.00e-01	1.00e-01	1.00e-01	1.00e-01	1.00e-01	1.00e-01	1.00e-01	1.00e-01	
kd15	0.00e+00	0.00e+00	0.00e+00	0.00e+00	0.00e+00	0.00e+00	0.00e+00	0.00e+00	0.00e+00	0.00e+00	0.00e+00	0.00e+00	0.00e+00	0.00e+00	0.00e+00	0.00e+00	0.00e+00	0.00e+00	0.00e+00	0.00e+00	
kd17	3.37e-01	3.37e-01	1.07e+00	1.69e-01	6.00e+00	6.00e-02	9.51e-02	1.07e-01	6.00e-02	1.69e+00	2.68e-01	1.69e-01	1.90e-01	3.01e-01	1.51e-01	1.07e-01	1.51e+00	5.35e-01	3.01e-01	9.51e-02	
kd18	1.30e+00	1.30e+00	1.30e+00	1.30e+00	1.30e+00	1.30e+00	1.30e+00	1.30e+00	1.30e+00	1.30e+00	1.30e+00	1.30e+00	1.30e+00	1.30e+00	1.30e+00	1.30e+00	1.30e+00	1.30e+00	1.30e+00	1.30e+00	
kd19	5.00e-01	5.00e-01	5.00e-01	5.00e-01	5.00e-01	5.00e-01	5.00e-01	5.00e-01	5.00e-01	5.00e-01	5.00e-01	5.00e-01	5.00e-01	5.00e-01	5.00e-01	5.00e-01	5.00e-01	5.00e-01	5.00e-01	5.00e-01	
kd1c	1.00e+00	1.00e+00	1.00e+00	1.00e+00	1.00e+00	1.00e+00	1.00e+00	1.00e+00	1.00e+00	1.00e+00	1.00e+00	1.00e+00	1.00e+00	1.00e+00	1.00e+00	1.00e+00	1.00e+00	1.00e+00	1.00e+00	1.00e+00	
kd1d	1.00e-01	1.00e-01	1.00e-01	1.00e-01	1.00e-01	1.00e-01	1.00e-01	1.00e-01	1.00e-01	1.00e-01	1.00e-01	1.00e-01	1.00e-01	1.00e-01	1.00e-01	1.00e-01	1.00e-01	1.00e-01	1.00e-01	1.00e-01	
kd2	1.60e-01	1.60e-01	1.60e-01	1.60e-01	1.60e-01	1.60e-01	1.60e-01	1.60e-01	1.60e-01	1.60e-01	1.60e-01	1.60e-01	1.60e-01	1.60e-01	1.60e-01	1.60e-01	1.60e-01	1.60e-01	1.60e-01	1.60e-01	
kd20	4.00e-01	4.00e-01	4.00e-01	4.00e-01	4.00e-01	4.00e-01	4.00e-01	4.00e-01	4.00e-01	4.00e-01	4.00e-01	4.00e-01	4.00e-01	4.00e-01	4.00e-01	4.00e-01	4.00e-01	4.00e-01	4.00e-01	4.00e-01	
kd21	2.30e-01	2.30e-01	2.30e-01	2.30e-01	2.30e-01	2.30e-01	2.30e-01	2.30e-01	2.30e-01	2.30e-01	2.30e-01	2.30e-01	2.30e-01	2.30e-01	2.30e-01	2.30e-01	2.30e-01	2.30e-01	2.30e-01	2.30e-01	
kd22	1.00e-01	1.00e-01	1.00e-01	1.00e-01	1.00e-01	1.00e-01	1.00e-01	1.00e-01	1.00e-01	1.00e-01	1.00e-01	1.00e-01	1.00e-01	1.00e-01	1.00e-01	1.00e-01	1.00e-01	1.00e-01	1.00e-01	1.00e-01	
kd22b	1.00e-01	1.00e-01	1.00e-01	1.00e-01	1.00e-01	1.00e-01	1.00e-01	1.00e-01	1.00e-01	1.00e-01	1.00e-01	1.00e-01	1.00e-01	1.00e-01	1.00e-01	1.00e-01	1.00e-01	1.00e-01	1.00e-01	1.00e-01	
kd23	6.00e-02	6.00e-02	6.00e-02	6.00e-02	6.00e-02	6.00e-02	6.00e-02	6.00e-02	6.00e-02	6.00e-02	6.00e-02	6.00e-02	6.00e-02	6.00e-02	6.00e-02	6.00e-02	6.00e-02	6.00e-02	6.00e-02	6.00e-02	
kd24	5.50e-01	5.50e-01	5.50e-01	5.50e-01	5.50e-01	5.50e-01	5.50e-01	5.50e-01	5.50e-01	5.50e-01	5.50e-01	5.50e-01	5.50e-01	5.50e-01	5.50e-01	5.50e-01	5.50e-01	5.50e-01	5.50e-01	5.50e-01	
kd25	2.14e-02	2.14e-02	2.14e-02	2.14e-02	2.14e-02	2.14e-02	2.14e-02	2.14e-02	2.14e-02	2.14e-02	2.14e-02	2.14e-02	2.14e-02	2.14e-02	2.14e-02	2.14e-02	2.14e-02	2.14e-02	2.14e-02	2.14e-02	
kd28	5.30e-03	5.30e-03	5.30e-03	5.30e-03	5.30e-03	5.30e-03	5.30e-03	5.30e-03	5.30e-03	5.30e-03	5.30e-03	5.30e-03	5.30e-03	5.30e-03	5.30e-03	5.30e-03	5.30e-03	5.30e-03	5.30e-03	5.30e-03	
kd29	3.10e+00	3.10e+00	3.10e+00	3.10e+00	3.10e+00	3.10e+00	3.10e+00	3.10e+00	3.10e+00	3.10e+00	3.10e+00	3.10e+00	3.10e+00	3.10e+00	3.10e+00	3.10e+00	3.10e+00	3.10e+00	3.10e+00	3.10e+00	
kd2b	1.60e-02	1.60e-02	1.60e-02	1.60e-02	1.60e-02	1.60e-02	1.60e-02	1.60e-02	1.60e-02	1.60e-02	1.60e-02	1.60e-02	1.60e-02	1.60e-02	1.60e-02	1.60e-02	1.60e-02	1.60e-02	1.60e-02	1.60e-02	
kd32	1.00e-01	1.00e-01	1.00e-01	1.00e-01	1.00e-01	1.00e-01	1.00e-01	1.00e-01	1.00e-01	1.00e-01	1.00e-01	1.00e-01	1.00e-01	1.00e-01	1.00e-01	1.00e-01	1.00e-01	1.00e-01	1.00e-01	1.00e-01	
kd33	2.00e-01	2.00e-01	2.00e-01	2.00e-01	2.00e-01	2.00e-01	2.00e-01	2.00e-01	2.00e-01	2.00e-01	2.00e-01	2.00e-01	2.00e-01	2.00e-01	2.00e-01	2.00e-01	2.00e-01	2.00e-01	2.00e-01	2.00e-01	
kd34	3.00e-02	3.00e-02	3.00e-02	3.00e-02	3.00e-02	3.00e-02	3.00e-02	3.00e-02	3.00e-02	3.00e-02	3.00e-02	3.00e-02	3.00e-02	3.00e-02	3.00e-02	3.00e-02	3.00e-02	3.00e-02	3.00e-02	3.00e-02	
kd35	1.50e-03	1.50e-03	1.50e-03	1.50e-03	1.50e-03	1.50e-03	1.50e-03	1.50e-03	1.50e-03	1.50e-03	1.50e-03	1.50e-03	1.50e-03	1.50e-03	1.50e-03	1.50e-03	1.50e-03	1.50e-03	1.50e-03	1.50e-03	
kd36	0.00e+00	0.00e+00	0.00e+00	0.00e+00	0.00e+00	0.00e+00	0.00e+00	0.00e+00	0.00e+00	0.00e+00	0.00e+00	0.00e+00	0.00e+00	0.00e+00	0.00e+00	0.00e+00	0.00e+00	0.00e+00	0.00e+00	0.00e+00	
kd37	3.00e-01	3.00e-01	3.00e-01	3.00e-01	3.00e-01	3.00e-01	3.00e-01	3.00e-01	3.00e-01	3.00e-01	3.00e-01	3.00e-01	3.00e-01	3.00e-01	3.00e-01	3.00e-01	3.00e-01	3.00e-01	3.00e-01	3.00e-01	
kd4	1.66e-04	1.66e-04	1.66e-04	1.66e-04	1.66e-04	1.66e-04	1.66e-04	1.66e-04	1.66e-04	1.66e-04	1.66e-04	1.66e-04	1.66e-04	1.66e-04	1.66e-04	1.66e-04	1.66e-04	1.66e-04	1.66e-04	1.66e-04	
kd40	6.40e-02	6.40e-02	6.40e-02	6.40e-02	6.40e-02	6.40e-02	6.40e-02	6.40e-02	6.40e-02	6.40e-02	6.40e-02	6.40e-02	6.40e-02	6.40e-02	6.40e-02	6.40e-02	6.40e-02	6.40e-02	6.40e-02	6.40e-02	
kd41	4.29e-02	4.29e-02	4.29e-02	4.29e-02	4.29e-02	4.29e-02	4.29e-02	4.29e-02	4.29e-02	4.29e-02	4.29e-02	4.29e-02	4.29e-02	4.29e-02	4.29e-02	4.29e-02	4.29e-02	4.29e-02	4.29e-02	4.29e-02	
kd42	1.26e-01	1.78e-02	2.24e-01	3.99e-02	2.00e+00	1.42e-02	3.99e-03	3.56e-01	1.26e-02	2.83e-02	5.64e-03	5.64e-03	7.96e-04	5.02e-02	1.00e-01	5.02e-03	2.00e-01	3.17e-02	3.56e-01	3.17e-03	
kd43	1.26e+00	2.51e+02	7.08e+00	3.16e+01	1.58e+01	3.16e+01	2.24e+01	1.00e+02	5.62e+01	1.00e+00	4.47e+00	1.12e+02	8.91e+01	8.91e+00	2.00e+02	2.51e+01	1.00e+01	2.82e+01	2.82e+00	1.58e+02	
kd44	1.83e-02	1.83e-02	1.83e-02	1.83e-02	1.83e-02	1.83e-02	1.83e-02	1.83e-02	1.83e-02	1.83e-02	1.83e-02	1.83e-02	1.83e-02	1.83e-02	1.83e-02	1.83e-02	1.83e-02	1.83e-02	1.83e-02	1.83e-02	
kd45	1.90e+00	1.90e+00	1.90e+00	1.90e+00	1.90e+00	1.90e+00	1.90e+00	1.90e+00	1.90e+00	1.90e+00	1.90e+00	1.90e+00	1.90e+00	1.90e+00	1.90e+00	1.90e+00	1.90e+00	1.90e+00	1.90e+00	1.90e+00	
kd47	8.00e-01	8.00e-01	8.00e-01	8.00e-01	8.00e-01	8.00e-01	8.00e-01	8.00e-01	8.00e-01	8.00e-01	8.00e-01	8.00e-01	8.00e-01	8.00e-01	8.00e-01	8.00e-01	8.00e-01	8.00e-01	8.00e-01	8.00e-01	
kd48	7.90e-01	5.59e-01	2.50e-01	7.90e-01	1.40e+00	7.90e-01	7.90e-01	7.90e-01	7.90e-01	4.98e-01	7.90e-01	7.90e-01	7.90e-01	7.90e-01	3.96e-01	7.90e-01	7.90e-01	7.90e-01	1.40e+00	7.90e-01	
kd49	6.32e-02	3.55e-02	3.55e-02	1.12e-01	6.32e-02	1.12e-01	6.32e-02	6.32e-02	6.32e-02	1.12e-01	6.32e-02	6.32e-02	6.32e-02	6.32e-02	6.32e-02	2.00e-02	6.32e-02	8.93e-02	2.00e-01	6.32e-02	
kd5	8.08e-01	8.08e-01	8.08e-01	8.08e-01	8.08e-01	8.08e-01	8.08e-01	8.08e-01	8.08e-01	8.08e-01	8.08e-01	8.08e-01	8.08e-01	8.08e-01	8.08e-01	8.08e-01	8.08e-01	8.08e-01	8.08e-01	8.08e-01	
kd50	1.01e+00	6.35e-01	8.98e-02	8.98e+01	1.42e+01	2.53e-01	5.05e-01	1.42e+01	1.42e+00	2.25e+01	1.01e+00	1.60e-01	1.27e+00	3.57e+00	5.66e-01	4.01e+00	6.35e+00	2.53e+00	5.66e+01	2.25e+00	
kd52	3.30e-02	3.30e-02	3.30e-02	3.30e-02	3.30e-02	3.30e-02	3.30e-02	3.30e-02	3.30e-02	3.30e-02	3.30e-02	3.30e-02	3.30e-02	3.30e-02	3.30e-02	3.30e-02	3.30e-02	3.30e-02	3.30e-02	3.30e-02	
kd53	3.14e-01	5.59e-01	6.27e+01	2.80e-01	2.80e-01	2.80e-01	2.80e+01	2.80e-01	4.98e+01	2.80e-01	8.85e+02	9.93e-01	3.52e-01	6.27e-01	1.57e+00	4.98e+02	7.89e+02	6.27e+02	3.52e+00	3.52e+02	
kd55	4.43e+00	4.43e-01	7.87e-02	1.40e+00	1.57e+00	7.02e+01	1.57e+00	4.43e+02	6.25e-01	9.91e-02	1.11e+00	7.87e-01	1.76e-01	1.76e-01	7.02e-01	1.98e+02	2.22e-01	9.91e-01	7.02e-02	6.25e-01	
kd56	7.06e-01	3.54e-01	5.00e-01	5.00e-02	2.81e+00	5.00e+00	5.00e-01	2.81e+00	1.12e+00	8.89e-01	1.26e+00	5.00e-01	5.00e-01	3.54e-01	8.89e-01	9.98e-01	8.89e-01	5.61e-01	4.46e+01	7.06e-01	
kd57	4.80e-03	1.07e-02	4.27e-03	7.60e-03	8.53e-03	7.60e-03	2.40e-03	4.27e-02	7.60e-03	7.60e-03	5.38e-03	7.60e-03	7.60e-03	7.60e-03	7.60e-03	7.60e-03	7.60e-03	4.27e-03	2.40e-02	9.57e-03	
kd58	1.43e+01	1.43e+00	1.27e-01	1.60e+01	5.68e-01	5.68e+01	1.01e+02	1.60e-02	2.26e+02	3.58e+00	5.06e+01	9.00e+00	1.60e+01	3.58e+00	2.54e+00	1.13e+01	1.01e+01	5.68e+00	6.37e-01	2.01e+02	
kd5b	8.08e-03	8.08e-03	8.08e-03	8.08e-03	8.08e-03	8.08e-03	8.08e-03	8.08e-03	8.08e-03	8.08e-03	8.08e-03	8.08e-03	8.08e-03	8.08e-03	8.08e-03	8.08e-03	8.08e-03	8.08e-03	8.08e-03	8.08e-03	
kd6	5.00e-05	5.00e-05	5.00e-05	5.00e-05	5.00e-05	5.00e-05	5.00e-05	5.00e-05	5.00e-05	5.00e-05	5.00e-05	5.00e-05	5.00e-05	5.00e-05	5.00e-05	5.00e-05	5.00e-05	5.00e-05	5.00e-05	5.00e-05	
kd60	0.00e+00	0.00e+00	0.00e+00	0.00e+00	0.00e+00	0.00e+00	0.00e+00	0.00e+00	0.00e+00	0.00e+00	0.00e+00	0.00e+00	0.00e+00	0.00e+00	0.00e+00	0.00e+00	0.00e+00	0.00e+00	0.00e+00	0.00e+00	
kd60b	0.00e+00	0.00e+00	0.00e+00	0.00e+00	0.00e+00	0.00e+00	0.00e+00	0.00e+00	0.00e+00	0.00e+00	0.00e+00	0.00e+00	0.00e+00	0.00e+00	0.00e+00	0.00e+00	0.00e+00	0.00e+00	0.00e+00	0.00e+00	
kd61	0.00e+00	0.00e+00	0.00e+00	0.00e+00	0.00e+00	0.00e+00	0.00e+00	0.00e+00	0.00e+00	0.00e+00	0.00e+00	0.00e+00	0.00e+00	0.00e+00	0.00e+00	0.00e+00	0.00e+00	0.00e+00	0.00e+00	0.00e+00	
kd63	2.75e-01	2.75e-01	2.75e-01	2.75e-01	2.75e-01	2.75e-01	2.75e-01	2.75e-01	2.75e-01	2.75e-01	2.75e-01	2.75e-01	2.75e-01	2.75e-01	2.75e-01	2.75e-01	2.75e-01	2.75e-01	2.75e-01	2.75e-01	
kd64	3.00e-01	3.00e-01	3.00e-01	3.00e-01	3.00e-01	3.00e-01	3.00e-01	3.00e-01	3.00e-01	3.00e-01	3.00e-01	3.00e-01	3.00e-01	3.00e-01	3.00e-01	3.00e-01	3.00e-01	3.00e-01	3.00e-01	3.00e-01	
kd65	2.00e-01	2.00e-01	2.00e-01	2.00e-01	2.00e-01	2.00e-01	2.00e-01	2.00e-01	2.00e-01	2.00e-01	2.00e-01	2.00e-01	2.00e-01	2.00e-01	2.00e-01	2.00e-01	2.00e-01	2.00e-01	2.00e-01	2.00e-01	
kd66	2.00e-01	2.00e-01	2.00e-01	2.00e-01	2.00e-01	2.00e-01	2.00e-01	2.00e-01	2.00e-01	2.00e-01	2.00e-01	2.00e-01	2.00e-01	2.00e-01	2.00e-01	2.00e-01	2.00e-01	2.00e-01	2.00e-01	2.00e-01	
kd67	2.00e-02	2.00e-02	2.00e-02	2.00e-02	2.00e-02	2.00e-02	2.00e-02	2.00e-02	2.00e-02	2.00e-02	2.00e-02	2.00e-02	2.00e-02	2.00e-02	2.00e-02	2.00e-02	2.00e-02	2.00e-02	2.00e-02	2.00e-02	
kd68	2.00e-01	2.00e-01	2.00e-01	2.00e-01	2.00e-01	2.00e-01	2.00e-01	2.00e-01	2.00e-01	2.00e-01	2.00e-01	2.00e-01	2.00e-01	2.00e-01	2.00e-01	2.00e-01	2.00e-01	2.00e-01	2.00e-01	2.00e-01	
kd68b	2.05e+01	2.05e+01	2.05e+01	2.05e+01	2.05e+01	2.05e+01	2.05e+01	2.05e+01	2.05e+01	2.05e+01	2.05e+01	2.05e+01	2.05e+01	2.05e+01	2.05e+01	2.05e+01	2.05e+01	2.05e+01	2.05e+01	2.05e+01	
kd69	1.00e-01	1.00e-01	1.00e-01	1.00e-01	1.00e-01	1.00e-01	1.00e-01	1.00e-01	1.00e-01	1.00e-01	1.00e-01	1.00e-01	1.00e-01	1.00e-01	1.00e-01	1.00e-01	1.00e-01	1.00e-01	1.00e-01	1.00e-01	
kd6b	0.00e+00	0.00e+00	0.00e+00	0.00e+00	0.00e+00	0.00e+00	0.00e+00	0.00e+00	0.00e+00	0.00e+00	0.00e+00	0.00e+00	0.00e+00	0.00e+00	0.00e+00	0.00e+00	0.00e+00	0.00e+00	0.00e+00	0.00e+00	
kd7	1.38e-04	1.38e-04	1.38e-04	1.38e-04	1.38e-04	1.38e-04	1.38e-04	1.38e-04	1.38e-04	1.38e-04	1.38e-04	1.38e-04	1.38e-04	1.38e-04	1.38e-04	1.38e-04	1.38e-04	1.38e-04	1.38e-04	1.38e-04	
kd70	1.00e-01	1.00e-01	1.00e-01	1.00e-01	1.00e-01	1.00e-01	1.00e-01	1.00e-01	1.00e-01	1.00e-01	1.00e-01	1.00e-01	1.00e-01	1.00e-01	1.00e-01	1.00e-01	1.00e-01	1.00e-01	1.00e-01	1.00e-01	
kd71	2.52e+01	2.52e+01	2.52e+01	2.52e+01	2.52e+01	2.52e+01	2.52e+01	2.52e+01	2.52e+01	2.52e+01	2.52e+01	2.52e+01	2.52e+01	2.52e+01	2.52e+01	2.52e+01	2.52e+01	2.52e+01	2.52e+01	2.52e+01	
kd72	2.51e-01	5.01e+01	3.55e+01	5.01e-02	2.82e+02	5.01e+00	1.12e+00	1.00e-01	5.01e-01	5.01e-01	1.41e+00	6.31e-02	1.26e-01	5.62e-01	2.00e-01	8.91e-02	2.82e-02	8.91e-02	1.00e-01	3.16e+00	
kd73	5.00e-01	5.00e-01	5.00e-01	5.00e-01	5.00e-01	5.00e-01	5.00e-01	5.00e-01	5.00e-01	5.00e-01	5.00e-01	5.00e-01	5.00e-01	5.00e-01	5.00e-01	5.00e-01	5.00e-01	5.00e-01	5.00e-01	5.00e-01	
kd74	3.99e+00	3.17e+00	2.00e+00	6.32e-02	2.00e-02	3.56e-01	2.83e+00	1.00e+01	2.52e+00	5.64e+00	5.64e+00	3.99e+00	1.00e+00	1.00e+00	2.24e-01	1.78e+00	3.17e+00	1.42e+00	2.00e+00	2.83e+00	
kd75	4.00e-02	4.00e-02	1.26e-02	7.11e-03	4.00e-02	6.34e-03	4.00e-02	7.11e-02	4.00e-02	4.00e-02	4.00e-02	3.18e-02	4.00e-02	4.00e-02	4.00e-02	4.00e-02	4.00e-02	4.00e-02	4.00e-02	4.00e-02	
kd76	4.01e+00	3.57e+00	2.01e+02	6.35e-01	1.01e+01	1.42e+02	1.79e+00	7.13e+01	2.25e+00	6.35e+01	1.60e+00	2.01e+02	1.42e-01	2.01e-01	4.50e-01	1.60e+00	8.00e-01	5.05e-01	5.05e-01	8.00e-01	
kd8	2.00e-01	2.00e-01	2.00e-01	2.00e-01	2.00e-01	2.00e-01	2.00e-01	2.00e-01	2.00e-01	2.00e-01	2.00e-01	2.00e-01	2.00e-01	2.00e-01	2.00e-01	2.00e-01	2.00e-01	2.00e-01	2.00e-01	2.00e-01	
kd8b	2.00e-02	2.00e-02	2.00e-02	2.00e-02	2.00e-02	2.00e-02	2.00e-02	2.00e-02	2.00e-02	2.00e-02	2.00e-02	2.00e-02	2.00e-02	2.00e-02	2.00e-02	2.00e-02	2.00e-02	2.00e-02	2.00e-02	2.00e-02	
kd94	1.00e-02	1.00e-02	1.00e-02	1.00e-02	1.00e-02	1.00e-02	1.00e-02	1.00e-02	1.00e-02	1.00e-02	1.00e-02	1.00e-02	1.00e-02	1.00e-02	1.00e-02	1.00e-02	1.00e-02	1.00e-02	1.00e-02	1.00e-02	
kd95	3.30e+01	3.30e+01	3.30e+01	3.30e+01	3.30e+01	3.30e+01	3.30e+01	3.30e+01	3.30e+01	3.30e+01	3.30e+01	3.30e+01	3.30e+01	3.30e+01	3.30e+01	3.30e+01	3.30e+01	3.30e+01	3.30e+01	3.30e+01	
kd96	1.00e-01	1.00e-01	1.00e-01	1.00e-01	1.00e-01	1.00e-01	1.00e-01	1.00e-01	1.00e-01	1.00e-01	1.00e-01	1.00e-01	1.00e-01	1.00e-01	1.00e-01	1.00e-01	1.00e-01	1.00e-01	1.00e-01	1.00e-01	
kd97	1.50e-02	1.50e-02	1.50e-02	1.50e-02	1.50e-02	1.50e-02	1.50e-02	1.50e-02	1.50e-02	1.50e-02	1.50e-02	1.50e-02	1.50e-02	1.50e-02	1.50e-02	1.50e-02	1.50e-02	1.50e-02	1.50e-02	1.50e-02	
kd97c	1.00e-03	1.00e-03	1.00e-03	1.00e-03	1.00e-03	1.00e-03	1.00e-03	1.00e-03	1.00e-03	1.00e-03	1.00e-03	1.00e-03	1.00e-03	1.00e-03	1.00e-03	1.00e-03	1.00e-03	1.00e-03	1.00e-03	1.00e-03	
kd98	1.00e-03	1.00e-03	1.00e-03	1.00e-03	1.00e-03	1.00e-03	1.00e-03	1.00e-03	1.00e-03	1.00e-03	1.00e-03	1.00e-03	1.00e-03	1.00e-03	1.00e-03	1.00e-03	1.00e-03	1.00e-03	1.00e-03	1.00e-03	
kd99	5.00e-01	5.00e-01	5.00e-01	5.00e-01	5.00e-01	5.00e-01	5.00e-01	5.00e-01	5.00e-01	5.00e-01	5.00e-01	5.00e-01	5.00e-01	5.00e-01	5.00e-01	5.00e-01	5.00e-01	5.00e-01	5.00e-01	5.00e-01	
KDiressamt	3.00e-09	3.00e-09	3.00e-09	3.00e-09	3.00e-09	3.00e-09	3.00e-09	3.00e-09	3.00e-09	3.00e-09	3.00e-09	3.00e-09	3.00e-09	3.00e-09	3.00e-09	3.00e-09	3.00e-09	3.00e-09	3.00e-09	3.00e-09	
KDiressawt	3.50e-08	3.50e-08	3.50e-08	3.50e-08	3.50e-08	3.50e-08	3.50e-08	3.50e-08	3.50e-08	3.50e-08	3.50e-08	3.50e-08	3.50e-08	3.50e-08	3.50e-08	3.50e-08	3.50e-08	3.50e-08	3.50e-08	3.50e-08	
